NAME:  m50_ce_l_wdp_n20
COMMENT: this is testing the generating format
TYPE:  GVRP
DIMENSION:  20
CAPACITY:  100
EDGE_TYPE:  DIRECTED
EDGE_WEIGHT_TYPE:  EXPLICIT
EDGE_WEIGHT_FORMAT:  SPARSE_MATRIX
NODE_COORD_TYPE:  TWOD_COORDS
NODE_COORD_SECTION
0 -6.3863 53.4133
1 -6.3814 53.3151
2 -6.3699 53.3177
3 -6.3684 53.2863
4 -6.3549 53.3229
5 -6.3451 53.412
6 -6.321 53.3395
7 -6.3045 53.3932
8 -6.299 53.3363
9 -6.2969 53.3426
10 -6.2934 53.332
11 -6.2779 53.3265
12 -6.2571 53.3365
13 -6.2408 53.2648
14 -6.2407 53.3949
15 -6.2391 53.3387
16 -6.2215 53.3732
17 -6.1822 53.2555
18 -6.1788 53.4137
19 -6.1366 53.4096
DEPOT_SECTION:
0
-1
DEMAND_SECTION
0 1
1 2
2 1
3 2
4 1
5 2
6 2
7 2
8 1
9 2
10 3
11 2
12 2
13 3
14 1
15 1
16 2
17 3
18 2
19 3
EDGE_WEIGHT_SECTION
[[   0. 2709. 2997. 4100. 1584. 2755. 2919. 1250.  636. 3469.  836. 3621.
  3247. 1336. 1746. 4520.  790. 1034. 1203.  951.]
 [2344.    0.  695. 1202. 1076.    0. 1297. 1343.    0. 2110.    0.    0.
  2602.    0.  948. 1566. 1662. 1535. 1331. 1441.]
 [2593.  695.    0. 1324. 1355.    0. 1094. 1642.    0. 1905.    0.    0.
  2398.    0. 1407. 1687. 1908. 1781. 1577. 1685.]
 [3547. 1202. 1324.    0.    0.    0. 2352.    0.    0. 3196.    0.    0.
  3687.    0.    0.  968.    0.    0.    0.    0.]
 [1369. 1076. 1355.    0.    0. 1884. 1509.  411. 1609. 2174.    0. 2225.
  2671. 2149.  340.    0.  879.  480.  554.  565.]
 [2384.    0.    0.    0. 1884.    0.    0. 1708. 2578.    0. 2672.    0.
     0. 2359. 2016.    0. 2459. 2115.    0.    0.]
 [2525. 1297. 1094. 2352. 1509.    0.    0. 1666.    0. 1030.    0. 3657.
  1494.    0. 1624. 2712. 1842. 1782. 1530. 1687.]
 [1080. 1343. 1642.    0.  411. 1708. 1666.    0. 1319. 2252.    0. 2436.
  2750. 1761.  551.    0.    0.    0.  942.  418.]
 [ 320.    0.    0.    0. 1609. 2578.    0. 1319.    0.    0.  157.    0.
  2733.  844. 1745.    0.  926.  968.    0. 1062.]
 [3001. 2110. 1905. 3196. 2174.    0. 1030. 2252.    0.    0.    0. 4319.
  1263.    0. 2440. 3555. 2316. 2311. 2049. 2216.]
 [ 421.    0.    0.    0.    0. 2672.    0.    0.  157.    0.    0.    0.
  2865.  747.    0.    0.    0.    0.    0.    0.]
 [3134.    0.    0.    0. 2225.    0. 3657. 2436.    0. 4319.    0.    0.
  4816.    0. 2295.    0.    0.    0. 2680. 2369.]
 [2809. 2602. 2398. 3687. 2671.    0. 1494. 2750. 2733. 1263. 2865. 4816.
     0. 3631. 2933. 4047. 2511. 2849. 2544. 2712.]
 [1157.    0.    0.    0. 2149. 2359.    0. 1761. 1453.    0. 1286.    0.
  3631.    0. 2282.    0. 1834. 1697. 2034. 2423.]
 [1507.  948. 1407.    0.  340. 2016. 1624.  551. 1745. 2440.    0. 2295.
  2933. 2282.    0.    0. 1224.    0.  894.  704.]
 [3909. 1566. 1687.  549.    0.    0. 2712.    0.    0. 3555.    0.    0.
  4047.    0.    0.    0.    0.    0.    0.    0.]
 [ 684. 1662. 1908.    0.  879. 2459. 1842.    0.  926. 2316.    0.    0.
  2511. 1834. 1224.    0.    0.  320.  358.  480.]
 [ 893. 1535. 1781.    0.  888. 2115. 1782.    0. 1696. 2311.    0.    0.
  2849. 1697.    0.    0.  552.    0.  802.  397.]
 [1041. 1331. 1577.    0.  554.    0. 1530.  522.    0. 2049.    0. 2680.
  2544. 2034.  894.    0.  358.  269.    0.  473.]
 [ 822. 1441. 1685.    0.  565.    0. 1687.  232. 1062. 2216.    0. 2369.
  2712. 1389.  704.    0.  480.   48.  473.    0.]]
EOF
