NAME:  m50_co_l_wdp_n20
COMMENT: Generated by Finucane, Fulcher, O'Sullivan, and Seth (2021)
TYPE:  GVRP
DIMENSION:  20
CAPACITY:  100
EDGE_TYPE:  DIRECTED
EDGE_WEIGHT_TYPE:  EXPLICIT
EDGE_WEIGHT_FORMAT:  SPARSE_MATRIX
NODE_COORD_TYPE:  TWOD_COORDS
NODE_COORD_SECTION
0 -6.3909 53.3246
1 -6.3892 53.2952
2 -6.3814 53.3151
3 -6.3661 53.3846
4 -6.3639 53.414
5 -6.3572 53.2772
6 -6.3561 53.3505
7 -6.341 53.3237
8 -6.3191 53.4014
9 -6.3151 53.2652
10 -6.3097 53.3138
11 -6.3078 53.3418
12 -6.3068 53.3435
13 -6.2182 53.3091
14 -6.2147 53.2532
15 -6.214 53.414
16 -6.2039 53.2721
17 -6.1871 53.3974
18 -6.1429 53.2708
19 -6.1284 53.2572
DEPOT_SECTION:
0
-1
DEMAND_SECTION
0 0
1 2
2 2
3 1
4 1
5 2
6 1
7 1
8 1
9 2
10 1
11 1
12 1
13 1
14 2
15 3
16 1
17 2
18 1
19 1
EDGE_WEIGHT_SECTION
[[   0. 2376. 4133. 4045. 5218. 4468. 2928.  686. 1399. 2815. 1185. 2516.
  3153. 2317. 4792. 2000. 2396. 2998. 1996. 3208.]
 [2069.    0. 2245. 1816.    0. 2748.  918. 1677.  725. 1971. 2300. 1941.
  1350.   52. 2864. 1299. 2183.  796. 2549. 1410.]
 [3596. 2245.    0. 2020.    0.  493.    0. 3553.    0. 2323. 3757. 2103.
     0.    0. 1117. 2070. 3421. 1983. 4221. 1429.]
 [3520. 3134. 2020.    0. 3511. 1962. 2692. 2352.    0. 1533. 3681.    0.
  2444.    0. 3105. 1347. 3506. 2178. 4065. 3473.]
 [4546.    0.    0. 3511.    0. 1749.    0.    0.    0. 3976.    0.    0.
     0.    0.  371.    0.    0.    0.    0.    0.]
 [3886. 2748.  844. 1962. 2942.    0.    0. 3846.    0. 2511. 4180. 3220.
     0.    0. 2332. 3171. 3844. 2129. 4513.    0.]
 [2550.  918.    0. 1566.    0.    0.    0. 1425.  841. 1292. 2880. 1022.
   717.  954.    0.  489. 2770.  510. 2875. 1712.]
 [ 593. 1677. 3553. 2352.    0. 3846. 1425.    0.  827. 2830. 1578. 1675.
  2177. 1644. 4120. 1303. 1990. 2428. 1011. 2652.]
 [1209.  725.    0.    0.    0.    0.  841.  827.    0. 2074. 2903. 1750.
  1123.  714.    0. 1220. 2899.    0. 2154.    0.]
 [2432. 1971. 2323.  896. 3976. 2511. 1292. 2830. 2074.    0. 3970.  795.
  1791.    0.    0. 1163. 3716. 1394.    0. 2433.]
 [1023. 2300. 3757. 3681.    0. 4180. 2880. 1578. 2903. 3970.    0. 3970.
  3624. 2252. 3837. 3574.  816. 2795. 2896. 2763.]
 [2173. 1941. 2103.    0.    0. 3220. 1762. 1675. 1750.  795. 3970.    0.
     0. 1978. 3975.  703. 3854. 1389.    0.    0.]
 [2748. 1350.    0. 2444.    0.    0.  717. 2177. 1123. 1791. 3624.    0.
     0. 1386.    0.  666. 3506.    0. 3177.    0.]
 [2017.   52.    0.    0.    0.    0.  954. 1644.  714.    0. 2252. 1978.
  1386.    0.    0. 1335. 2177.    0. 2582.    0.]
 [4175. 2864. 1117. 3105.  371. 1332.    0. 4120.    0.    0. 3837. 3975.
     0.    0.    0.    0. 3808. 2796. 4948. 1480.]
 [1727. 1299. 2070. 1347.    0. 3171.  857. 1303. 1220. 1163. 3574.  703.
   666. 1335.    0.    0. 3452. 1042.    0.    0.]
 [2088. 2183. 3421. 3506.    0. 3844. 2770. 1990. 2899. 3716.  816. 3854.
  3506. 2177. 3808. 3452.    0. 2584. 3034. 2428.]
 [2612.  796. 1983. 1265.    0. 2129.  510. 2428.    0. 1394. 2795. 1389.
     0.    0. 2796. 1042. 2584.    0. 3100. 1500.]
 [1740. 2549. 4221. 4065.    0. 4513. 2875. 1011. 2154.    0. 2896.    0.
  3177. 2582. 4948.    0. 3034. 3100.    0. 3318.]
 [2794. 1410.  816. 2012.    0.    0. 1712. 2652.    0. 2433. 2763.    0.
     0.    0. 1480.    0. 2428. 1500. 3318.    0.]]
EOF
