NAME:  m50_co_l_wdp_n20
COMMENT: Generated by Finucane, Fulcher, O'Sullivan, and Seth (2021)TYPE:  GVRP
DIMENSION:  20
CAPACITY:  100
EDGE_TYPE:  DIRECTED
EDGE_WEIGHT_TYPE:  EXPLICIT
EDGE_WEIGHT_FORMAT:  SPARSE_MATRIX
NODE_COORD_TYPE:  TWOD_COORDS
NODE_COORD_SECTION
0 -6.3909 53.3246
1 -6.3892 53.2952
2 -6.3814 53.3151
3 -6.3661 53.3846
4 -6.3639 53.414
5 -6.3572 53.2772
6 -6.3561 53.3505
7 -6.341 53.3237
8 -6.3191 53.4014
9 -6.3151 53.2652
10 -6.3097 53.3138
11 -6.3078 53.3418
12 -6.3068 53.3435
13 -6.2182 53.3091
14 -6.2147 53.2532
15 -6.214 53.414
16 -6.2039 53.2721
17 -6.1871 53.3974
18 -6.1429 53.2708
19 -6.1284 53.2572
DEPOT_SECTION:
0
-1
DEMAND_SECTION
0 1
1 1
2 3
3 1
4 2
5 3
6 3
7 1
8 1
9 1
10 2
11 3
12 3
13 3
14 1
15 2
16 2
17 1
18 3
19 2
EDGE_WEIGHT_SECTION
[[   0. 2375. 4132. 4043. 5216. 4467. 2927.  686. 1399. 2814. 1184. 2515.
  3152. 2316. 4790. 1999. 2395. 2997. 1996. 3207.]
 [2069.    0. 2245. 2114.    0. 2748. 1360. 1677.  725. 1971. 2300. 1941.
  2005.  150. 2864. 1299. 2183. 1182. 2549. 1410.]
 [3596. 2245.    0. 2020.    0.  572.    0. 3553.    0. 2323. 3757. 2103.
     0.    0.  961. 2070. 3421. 1983. 4221.  955.]
 [3520. 2114. 2020.    0. 3511. 1962. 1819. 2352.    0.  896. 3681.    0.
  2444.    0. 3105. 1347. 3506. 1470. 4065. 2342.]
 [4546.    0.    0. 3511.    0. 2020.    0.    0.    0. 3976.    0.    0.
     0.    0.  319.    0.    0.    0.    0.    0.]
 [3886. 2748.  572. 1962. 2020.    0.    0. 3846.    0. 2511. 4180. 3220.
     0.    0. 1560. 3171. 3844. 2129. 4513.    0.]
 [2550.  789.    0. 1819.    0.    0.    0. 1425.  715. 1111. 2880. 1189.
   717.  954.    0.  573. 2770.  510. 2875. 1712.]
 [ 593. 1677. 3553. 2352.    0. 3846. 1425.    0.  827. 2830. 1578. 1675.
  2177. 1644. 4120. 1303. 1990. 2428. 1011. 2652.]
 [1209.  725.    0.    0.    0.    0. 1263.  827.    0. 2074. 2903. 1750.
  1123. 1061.    0. 1220. 2899.    0. 2154.    0.]
 [2432. 1971. 2323. 1533. 3976. 2511. 1912. 2830. 2074.    0. 3970. 1730.
  2653.    0.    0. 1723. 3716. 2066.    0. 2433.]
 [1023. 2300. 3757. 3681.    0. 4180. 2880. 1578. 2903. 3970.    0. 3970.
  3624. 2252. 3837. 3574.  702. 2795. 2896. 2763.]
 [2173. 1941. 2103.    0.    0. 3220. 1189. 1675. 1750.  598. 3970.    0.
     0. 1978. 3975.  703. 3854. 1389.    0.    0.]
 [2748. 1158.    0. 2444.    0.    0.  717. 2177. 1123. 1541. 3624.    0.
     0. 1386.    0.  666. 3506.    0. 3177.    0.]
 [2017.   18.    0.    0.    0.    0.  954. 1644.  613.    0. 2252. 1978.
  1386.    0.    0. 1335. 2177.    0. 2582.    0.]
 [4175. 2864. 1653. 3105.  550. 1560.    0. 4120.    0.    0. 3837. 3975.
     0.    0.    0.    0. 3808. 2796. 4948. 2193.]
 [1727. 1299. 2070. 1347.    0. 3171.  573. 1303. 1220. 1001. 3574.  703.
   666. 1335.    0.    0. 3452. 1042.    0.    0.]
 [2088. 2183. 3421. 3506.    0. 3844. 2770. 1990. 2899. 3716. 1209. 3854.
  3506. 2177. 3808. 3452.    0. 2584. 3034. 2428.]
 [2612.  684. 1983. 1470.    0. 2129.  510. 2428.    0. 1199. 2795. 1389.
     0.    0. 2796. 1042. 2584.    0. 3100. 1500.]
 [1740. 2549. 4221. 4065.    0. 4513. 2875. 1011. 2154.    0. 2896.    0.
  3177. 2582. 4948.    0. 3034. 3100.    0. 3318.]
 [2794. 1410.  955. 2342.    0.    0. 1712. 2652.    0. 2433. 2763.    0.
     0.    0. 1272.    0. 2428. 1500. 3318.    0.]]
EOF
