NAME:  m50_ce_l_wep_n20
COMMENT: Generated by Finucane, Fulcher, O'Sullivan, and Seth (2021)
TYPE:  GVRP
DIMENSION:  20
CAPACITY:  100
EDGE_TYPE:  DIRECTED
EDGE_WEIGHT_TYPE:  EXPLICIT
EDGE_WEIGHT_FORMAT:  SPARSE_MATRIX
NODE_COORD_TYPE:  TWOD_COORDS
NODE_COORD_SECTION
0 -6.3863 53.4133
1 -6.3814 53.3151
2 -6.3699 53.3177
3 -6.3684 53.2863
4 -6.3549 53.3229
5 -6.3451 53.412
6 -6.321 53.3395
7 -6.3045 53.3932
8 -6.299 53.3363
9 -6.2969 53.3426
10 -6.2934 53.332
11 -6.2779 53.3265
12 -6.2571 53.3365
13 -6.2408 53.2648
14 -6.2407 53.3949
15 -6.2391 53.3387
16 -6.2215 53.3732
17 -6.1822 53.2555
18 -6.1788 53.4137
19 -6.1366 53.4096
DEPOT_SECTION:
0
-1
DEMAND_SECTION
0 0
1 1
2 2
3 1
4 2
5 1
6 2
7 3
8 2
9 2
10 2
11 1
12 3
13 2
14 1
15 1
16 3
17 1
18 3
19 1
EDGE_WEIGHT_SECTION
[[   0. 2876. 3170. 4345. 1651. 2881. 3083. 1302.  389. 3655.  511. 3793.
  3333. 1409. 1822. 4786.  833. 1071. 1268.  986.]
 [2361.    0.  717. 1202. 1072.    0. 1227. 1354.    0. 2039.    0.    0.
  2532.    0.  920. 1567. 1678. 1527. 1347. 1432.]
 [2602.  717.    0. 1324. 1374.    0. 1041. 1667.    0. 1853.    0.    0.
  2347.    0. 1414. 1687. 1917. 1761. 1586. 1665.]
 [3565. 1202. 1324.    0.    0.    0. 2316.    0.    0. 3175.    0.    0.
  3666.    0.    0.  645.    0.    0.    0.    0.]
 [1353. 1072. 1374.    0.    0. 1572. 1502.  411. 1593. 2117.    0. 2193.
  2614. 2120.  312.    0.  866.  566.  543.  565.]
 [2363.    0.    0.    0. 2797.    0.    0. 2581. 2578.    0. 2672. 1072.
     0. 2359. 2996.    0. 3685. 3184.    0.    0.]
 [2531. 1227. 1041. 2316. 1502.    0.    0. 1650. 1883. 1025.    0. 3639.
  1486.    0. 1603. 2680. 1847. 1733. 1512. 1638.]
 [1066. 1354. 1667.    0.  411. 1488. 1650.    0. 1304. 2201.    0. 2436.
  2699. 1733.  548.    0.    0.    0.  615.  276.]
 [ 548.    0.    0.    0. 1593. 2578. 1883. 1304.    0.    0.  134. 2274.
  2651.  982. 1728.    0. 1370. 1117.    0. 1046.]
 [2999. 2039. 1853. 3175. 2117.    0. 1025. 2201.    0.    0.    0. 4242.
  1263.    0. 2427. 3535. 2315. 2236. 2038. 2142.]
 [ 721.    0.    0.    0.    0. 2672.    0.    0.  235.    0.    0. 2340.
  2782.  869.    0.    0.    0.    0.    0.    0.]
 [3113.    0.    0.    0. 2193.  536. 3639. 2436. 2274. 4242. 2340.    0.
  4740. 2101. 2300.    0.    0.    0. 2651. 2363.]
 [2732. 2532. 2347. 3666. 2614.    0. 1486. 2699. 2651. 1263. 2782. 4740.
     0. 3539. 2920. 4027. 2412. 2751. 2533. 2639.]
 [1157.    0.    0.    0. 2120. 2359.    0. 1733.  982.    0.  869. 2101.
  3539.    0. 2241.    0. 1834. 1677. 2007. 1605.]
 [1490.  920. 1414.    0.  312. 1737. 1603.  548. 1728. 2427.    0. 2300.
  2920. 2241.    0.    0. 1219.    0.  889.  701.]
 [3925. 1567. 1687.  645.    0.    0. 2680.    0.    0. 3535.    0.    0.
  4027.    0.    0.    0.    0.    0.    0.    0.]
 [ 684. 1678. 1917.    0.  866. 2123. 1847.    0.  797. 2315.    0.    0.
  2412. 1834. 1219.    0.    0.  373.  358.  473.]
 [ 877. 1527. 1761.    0.  566. 1834. 1733.    0. 1117. 2236.    0.    0.
  2751. 1677.    0.    0.  373.    0.  366.  136.]
 [1041. 1347. 1586.    0.  543.    0. 1512.  615.    0. 2038.    0. 2651.
  2533. 2007.  889.    0.  358.  366.    0.  465.]
 [ 807. 1432. 1665.    0.  565.    0. 1638.  276. 1046. 2142.    0. 2363.
  2639. 1605.  701.    0.  473.  136.  465.    0.]]
EOF
