NAME:  m50_ce_l_wep_n20
COMMENT: this is testing the generating format
TYPE:  GVRP
DIMENSION:  20
CAPACITY:  100
EDGE_TYPE:  DIRECTED
EDGE_WEIGHT_TYPE:  EXPLICIT
EDGE_WEIGHT_FORMAT:  SPARSE_MATRIX
NODE_COORD_TYPE:  TWOD_COORDS
NODE_COORD_SECTION
0 -6.3863 53.4133
1 -6.3814 53.3151
2 -6.3699 53.3177
3 -6.3684 53.2863
4 -6.3549 53.3229
5 -6.3451 53.412
6 -6.321 53.3395
7 -6.3045 53.3932
8 -6.299 53.3363
9 -6.2969 53.3426
10 -6.2934 53.332
11 -6.2779 53.3265
12 -6.2571 53.3365
13 -6.2408 53.2648
14 -6.2407 53.3949
15 -6.2391 53.3387
16 -6.2215 53.3732
17 -6.1822 53.2555
18 -6.1788 53.4137
19 -6.1366 53.4096
DEPOT_SECTION:
0
-1
DEMAND_SECTION
0 3
1 2
2 3
3 3
4 2
5 2
6 3
7 3
8 2
9 1
10 3
11 2
12 1
13 3
14 1
15 1
16 3
17 1
18 3
19 1
EDGE_WEIGHT_SECTION
[[   0. 2728. 3007. 4121. 1566. 2732. 2925. 1234.  636. 3467.  836. 3598.
  3161. 1336. 1727. 4539.  790. 1016. 1203.  935.]
 [2361.    0.  717. 1202. 1072.    0. 1227. 1354.    0. 2039.    0.    0.
  2532.    0.  920. 1567. 1678. 1527. 1347. 1432.]
 [2602.  717.    0. 1324. 1374.    0. 1041. 1667.    0. 1853.    0.    0.
  2347.    0. 1414. 1687. 1917. 1761. 1586. 1665.]
 [3565. 1202. 1324.    0.    0.    0. 2316.    0.    0. 3175.    0.    0.
  3666.    0.    0.  968.    0.    0.    0.    0.]
 [1353. 1072. 1374.    0.    0. 1856. 1502.  411. 1593. 2117.    0. 2193.
  2614. 2120.  312.    0.  866.  467.  543.  565.]
 [2363.    0.    0.    0. 1856.    0.    0. 1736. 2578.    0. 2672.    0.
     0. 2359. 2021.    0. 2477. 2141.    0.    0.]
 [2531. 1227. 1041. 2316. 1502.    0.    0. 1650.    0. 1025.    0. 3639.
  1486.    0. 1603. 2680. 1847. 1733. 1512. 1638.]
 [1066. 1354. 1667.    0.  411. 1736. 1650.    0. 1304. 2201.    0. 2436.
  2699. 1733.  548.    0.    0.    0.  935.  418.]
 [ 320.    0.    0.    0. 1593. 2578.    0. 1304.    0.    0.  157.    0.
  2651.  844. 1728.    0.  926.  951.    0. 1046.]
 [2999. 2039. 1853. 3175. 2117.    0. 1025. 2201.    0.    0.    0. 4242.
  1263.    0. 2427. 3535. 2315. 2236. 2038. 2142.]
 [ 421.    0.    0.    0.    0. 2672.    0.    0.  157.    0.    0.    0.
  2782.  747.    0.    0.    0.    0.    0.    0.]
 [3113.    0.    0.    0. 2193.    0. 3639. 2436.    0. 4242.    0.    0.
  4740.    0. 2300.    0.    0.    0. 2651. 2363.]
 [2732. 2532. 2347. 3666. 2614.    0. 1486. 2699. 2651. 1263. 2782. 4740.
     0. 3539. 2920. 4027. 2412. 2751. 2533. 2639.]
 [1157.    0.    0.    0. 2120. 2359.    0. 1733. 1453.    0. 1286.    0.
  3539.    0. 2241.    0. 1834. 1677. 2007. 2400.]
 [1490.  920. 1414.    0.  312. 2021. 1603.  548. 1728. 2427.    0. 2300.
  2920. 2241.    0.    0. 1219.    0.  889.  701.]
 [3925. 1567. 1687.  549.    0.    0. 2680.    0.    0. 3535.    0.    0.
  4027.    0.    0.    0.    0.    0.    0.    0.]
 [ 684. 1678. 1917.    0.  866. 2477. 1847.    0.  926. 2315.    0.    0.
  2412. 1834. 1219.    0.    0.  320.  358.  473.]
 [ 877. 1527. 1761.    0.  872. 2141. 1733.    0. 1675. 2236.    0.    0.
  2751. 1677.    0.    0.  552.    0.  802.  397.]
 [1041. 1347. 1586.    0.  543.    0. 1512.  516.    0. 2038.    0. 2651.
  2533. 2007.  889.    0.  358.  269.    0.  465.]
 [ 807. 1432. 1665.    0.  565.    0. 1638.  232. 1046. 2142.    0. 2363.
  2639. 1370.  701.    0.  473.   48.  465.    0.]]
EOF
