NAME:  m50_co_l_wep_n20
COMMENT: this is testing the generating format
TYPE:  GVRP
DIMENSION:  20
CAPACITY:  100
EDGE_TYPE:  DIRECTED
EDGE_WEIGHT_TYPE:  EXPLICIT
EDGE_WEIGHT_FORMAT:  SPARSE_MATRIX
NODE_COORD_TYPE:  TWOD_COORDS
NODE_COORD_SECTION
0 -6.3909 53.3246
1 -6.3892 53.2952
2 -6.3814 53.3151
3 -6.3661 53.3846
4 -6.3639 53.414
5 -6.3572 53.2772
6 -6.3561 53.3505
7 -6.341 53.3237
8 -6.3191 53.4014
9 -6.3151 53.2652
10 -6.3097 53.3138
11 -6.3078 53.3418
12 -6.3068 53.3435
13 -6.2182 53.3091
14 -6.2147 53.2532
15 -6.214 53.414
16 -6.2039 53.2721
17 -6.1871 53.3974
18 -6.1429 53.2708
19 -6.1284 53.2572
DEPOT_SECTION:
0
-1
DEMAND_SECTION
0 2
1 1
2 1
3 2
4 2
5 3
6 3
7 3
8 3
9 3
10 2
11 3
12 2
13 1
14 3
15 3
16 3
17 1
18 1
19 2
EDGE_WEIGHT_SECTION
[[   0. 2381. 4111. 4070. 5175. 4447. 2907.  686. 1399. 2814. 1184. 2515.
  3001. 2322. 4750. 1999. 2364. 2942. 1986. 3194.]
 [2074.    0. 2233. 2046.    0. 2748. 1360. 1581.  673. 1943. 2310. 1941.
  1888.  150. 2869. 1299. 2200. 1171. 2448. 1416.]
 [3578. 2233.    0. 2020.    0.  572.    0. 3423.    0. 2323. 3775. 2103.
     0.    0.  958. 2070. 3404. 1962. 4145.  955.]
 [3544. 2046. 2020.    0. 3496. 1962. 1747. 2352.    0.  896. 3748.    0.
  2332.    0. 3103. 1347. 3556. 1393. 4047. 2356.]
 [4509.    0.    0. 3496.    0. 2004.    0.    0.    0. 3964.    0.    0.
     0.    0.  319.    0.    0.    0.    0.    0.]
 [3869. 2748.  572. 1962. 2004.    0.    0. 3716.    0. 2511. 4192. 3220.
     0.    0. 1529. 3171. 3820. 2108. 4438.    0.]
 [2531.  789.    0. 1747.    0.    0.    0. 1425.  698. 1111. 2844. 1189.
   637.  954.    0.  573. 2746.  510. 2809. 1709.]
 [ 593. 1581. 3423. 2352.    0. 3716. 1425.    0.  827. 2734. 1578. 1675.
  2041. 1579. 4004. 1303. 1990. 2295. 1011. 2549.]
 [1209.  673.    0.    0.    0.    0. 1241.  827.    0. 2041. 2878. 1719.
  1006.  997.    0. 1189. 2830.    0. 2154.    0.]
 [2432. 1943. 2323. 1533. 3964. 2511. 1912. 2734. 2041.    0. 3931. 1730.
  2518.    0.    0. 1723. 3700. 2066.    0. 2407.]
 [1023. 2310. 3775. 3748.    0. 4192. 2844. 1578. 2878. 3931.    0. 3932.
  3524. 2261. 3750. 3583.  702. 2775. 2896. 2781.]
 [2173. 1941. 2103.    0.    0. 3220. 1189. 1675. 1719.  598. 3932.    0.
     0. 1978. 3973.  703. 3828. 1389.    0.    0.]
 [2614. 1067.    0. 2332.    0.    0.  637. 2041. 1006. 1436. 3524.    0.
     0. 1291.    0.  575. 3423.    0. 3038.    0.]
 [2023.   18.    0.    0.    0.    0.  954. 1579.  563.    0. 2261. 1978.
  1291.    0.    0. 1335. 2169.    0. 2536.    0.]
 [4138. 2869. 1650. 3103.  550. 1529.    0. 4004.    0.    0. 3750. 3973.
     0.    0.    0.    0. 3767. 2774. 4921. 2190.]
 [1727. 1299. 2070. 1347.    0. 3171.  573. 1303. 1189. 1001. 3583.  703.
   575. 1335.    0.    0. 3470. 1042.    0.    0.]
 [2060. 2200. 3404. 3556.    0. 3820. 2746. 1990. 2830. 3700. 1209. 3828.
  3423. 2169. 3767. 3470.    0. 2571. 2964. 2411.]
 [2562.  675. 1962. 1393.    0. 2108.  510. 2295.    0. 1199. 2775. 1389.
     0.    0. 2774. 1042. 2571.    0. 3025. 1477.]
 [1731. 2448. 4145. 4047.    0. 4438. 2809. 1011. 2154.    0. 2896.    0.
  3038. 2536. 4921.    0. 2964. 3025.    0. 3263.]
 [2783. 1416.  955. 2356.    0.    0. 1709. 2549.    0. 2407. 2781.    0.
     0.    0. 1270.    0. 2411. 1477. 3263.    0.]]
EOF
