NAME:  m50_co_l_wep_n20
COMMENT: Generated by Finucane, Fulcher, O'Sullivan, and Seth (2021)
TYPE:  GVRP
DIMENSION:  20
CAPACITY:  100
EDGE_TYPE:  DIRECTED
EDGE_WEIGHT_TYPE:  EXPLICIT
EDGE_WEIGHT_FORMAT:  SPARSE_MATRIX
NODE_COORD_TYPE:  TWOD_COORDS
NODE_COORD_SECTION
0 -6.3909 53.3246
1 -6.3892 53.2952
2 -6.3814 53.3151
3 -6.3661 53.3846
4 -6.3639 53.414
5 -6.3572 53.2772
6 -6.3561 53.3505
7 -6.341 53.3237
8 -6.3191 53.4014
9 -6.3151 53.2652
10 -6.3097 53.3138
11 -6.3078 53.3418
12 -6.3068 53.3435
13 -6.2182 53.3091
14 -6.2147 53.2532
15 -6.214 53.414
16 -6.2039 53.2721
17 -6.1871 53.3974
18 -6.1429 53.2708
19 -6.1284 53.2572
DEPOT_SECTION:
0
-1
DEMAND_SECTION
0 0
1 1
2 2
3 3
4 1
5 1
6 2
7 2
8 1
9 3
10 2
11 1
12 2
13 1
14 1
15 1
16 1
17 3
18 2
19 1
EDGE_WEIGHT_SECTION
[[   0. 2382. 4113. 4071. 5177. 4448. 2908.  686. 1399. 2815. 1185. 2516.
  3002. 2322. 4751. 2000. 2365. 2943. 1987. 3195.]
 [2074.    0. 2233. 1750.    0. 2748.  918. 1581.  673. 1943. 2310. 1941.
  1256.   52. 2869. 1299. 2200.  787. 2448. 1416.]
 [3578. 2233.    0. 2020.    0.  493.    0. 3423.    0. 2323. 3775. 2103.
     0.    0. 1114. 2070. 3404. 1962. 4145. 1429.]
 [3544. 3049. 2020.    0. 3496. 1962. 2602. 2352.    0. 1533. 3748.    0.
  2332.    0. 3103. 1347. 3556. 2081. 4047. 3490.]
 [4509.    0.    0. 3496.    0. 1735.    0.    0.    0. 3964.    0.    0.
     0.    0.  371.    0.    0.    0.    0.    0.]
 [3869. 2748.  844. 1962. 2922.    0.    0. 3716.    0. 2511. 4192. 3220.
     0.    0. 2293. 3171. 3820. 2108. 4438.    0.]
 [2531.  918.    0. 1497.    0.    0.    0. 1425.  823. 1292. 2844. 1022.
   637.  954.    0.  489. 2746.  510. 2809. 1709.]
 [ 593. 1581. 3423. 2352.    0. 3716. 1425.    0.  827. 2734. 1578. 1675.
  2041. 1579. 4004. 1303. 1990. 2295. 1011. 2549.]
 [1209.  673.    0.    0.    0.    0.  823.  827.    0. 2041. 2878. 1719.
  1006.  663.    0. 1189. 2830.    0. 2154.    0.]
 [2432. 1943. 2323.  896. 3964. 2511. 1292. 2734. 2041.    0. 3931.  795.
  1683.    0.    0. 1163. 3700. 1394.    0. 2407.]
 [1023. 2310. 3775. 3748.    0. 4192. 2844. 1578. 2878. 3931.    0. 3932.
  3524. 2261. 3750. 3583.  816. 2775. 2896. 2781.]
 [2173. 1941. 2103.    0.    0. 3220. 1762. 1675. 1719.  795. 3932.    0.
     0. 1978. 3973.  703. 3828. 1389.    0.    0.]
 [2614. 1256.    0. 2332.    0.    0.  637. 2041. 1006. 1683. 3524.    0.
     0. 1291.    0.  575. 3423.    0. 3038.    0.]
 [2023.   52.    0.    0.    0.    0.  954. 1579.  663.    0. 2261. 1978.
  1291.    0.    0. 1335. 2169.    0. 2536.    0.]
 [4138. 2869. 1114. 3103.  371. 1301.    0. 4004.    0.    0. 3750. 3973.
     0.    0.    0.    0. 3767. 2774. 4921. 1477.]
 [1727. 1299. 2070. 1347.    0. 3171.  857. 1303. 1189. 1163. 3583.  703.
   575. 1335.    0.    0. 3470. 1042.    0.    0.]
 [2060. 2200. 3404. 3556.    0. 3820. 2746. 1990. 2830. 3700.  816. 3828.
  3423. 2169. 3767. 3470.    0. 2571. 2964. 2411.]
 [2562.  787. 1962. 1189.    0. 2108.  510. 2295.    0. 1394. 2775. 1389.
     0.    0. 2774. 1042. 2571.    0. 3025. 1477.]
 [1731. 2448. 4145. 4047.    0. 4438. 2809. 1011. 2154.    0. 2896.    0.
  3038. 2536. 4921.    0. 2964. 3025.    0. 3263.]
 [2783. 1416.  816. 2026.    0.    0. 1709. 2549.    0. 2407. 2781.    0.
     0.    0. 1477.    0. 2411. 1477. 3263.    0.]]
EOF
