NAME:  instance
COMMENT: this is testing the generating format
TYPE: GVRP
DIMENSION:  81
CAPACITY:  100
EDGE_TYPE: DIRECTED
EDGE_WEIGHT_TYPE:  EXPLICIT
EDGE_WEIGHT_FORMAT:  FULL_MATRIX
NODE_COORD_TYPE: TWOD_COORDS
NODE_COORD_SECTION
1 -6.4756 53.2953
2 -6.4737 53.3533
3 -6.4732 53.2992
4 -6.4539 53.2505
5 -6.4338 53.3136
6 -6.4272 53.2932
7 -6.4229 53.4047
8 -6.4221 53.3386
9 -6.4096 53.3706
10 -6.4085 53.3217
11 -6.4051 53.3955
12 -6.4016 53.3571
13 -6.3923 53.3823
14 -6.39 53.3953
15 -6.3813 53.4222
16 -6.378 53.3663
17 -6.3779 53.2729
18 -6.369 53.3353
19 -6.3681 53.317
20 -6.3668 53.2656
21 -6.3636 53.3564
22 -6.3595 53.4074
23 -6.3592 53.3685
24 -6.3363 53.3171
25 -6.3351 53.3294
26 -6.3324 53.2918
27 -6.3297 53.3245
28 -6.3161 53.3258
29 -6.3142 53.3361
30 -6.3107 53.2857
31 -6.3072 53.4196
32 -6.3063 53.4036
33 -6.3063 53.4104
34 -6.3045 53.3866
35 -6.2997 53.3613
36 -6.2978 53.3896
37 -6.2891 53.3108
38 -6.2877 53.3676
39 -6.2854 53.4005
40 -6.2808 53.4031
41 -6.2799 53.4037
42 -6.2787 53.3722
43 -6.2675 53.3988
44 -6.266 53.4171
45 -6.265 53.3967
46 -6.2602 53.4018
47 -6.2575 53.3409
48 -6.2482 53.3106
49 -6.2459 53.267
50 -6.2441 53.268
51 -6.2436 53.2659
52 -6.2427 53.2788
53 -6.2384 53.4123
54 -6.2378 53.3489
55 -6.2341 53.271
56 -6.2333 53.3895
57 -6.2261 53.3305
58 -6.2241 53.417
59 -6.2227 53.3381
60 -6.2213 53.3193
61 -6.2203 53.3268
62 -6.2202 53.2707
63 -6.2084 53.2593
64 -6.2056 53.3601
65 -6.2018 53.3381
66 -6.196 53.3837
67 -6.1892 53.2804
68 -6.187 53.4067
69 -6.1791 53.4352
70 -6.1733 53.3864
71 -6.1722 53.2484
72 -6.168 53.2709
73 -6.1663 53.2682
74 -6.1527 53.4468
75 -6.1504 53.4511
76 -6.1412 53.281
77 -6.1373 53.2948
78 -6.1295 53.3961
79 -6.1286 53.2543
80 -6.1249 53.4378
81 -6.1165 53.2754
DEPOT_SECTION:
0
-1
DEMAND_SECTION
1 1.0
2 1.0
3 1.0
4 1.0
5 1.0
6 1.0
7 1.0
8 1.0
9 1.0
10 1.0
11 1.0
12 1.0
13 1.0
14 1.0
15 1.0
16 1.0
17 1.0
18 1.0
19 1.0
20 1.0
21 1.0
22 1.0
23 1.0
24 1.0
25 1.0
26 1.0
27 1.0
28 1.0
29 1.0
30 1.0
31 1.0
32 1.0
33 1.0
34 1.0
35 1.0
36 1.0
37 1.0
38 1.0
39 1.0
40 1.0
41 1.0
42 1.0
43 1.0
44 1.0
45 1.0
46 1.0
47 1.0
48 1.0
49 1.0
50 1.0
51 1.0
52 1.0
53 1.0
54 1.0
55 1.0
56 1.0
57 1.0
58 1.0
59 1.0
60 1.0
61 1.0
62 1.0
63 1.0
64 1.0
65 1.0
66 1.0
67 1.0
68 1.0
69 1.0
70 1.0
71 1.0
72 1.0
73 1.0
74 1.0
75 1.0
76 1.0
77 1.0
78 1.0
79 1.0
80 1.0
81 1.0
EDGE_WEIGHT_SECTION
[[   0. 1961.  140. 1577. 1047.  981. 2747. 1819. 2873. 1623. 2623. 2569.
  2418. 2710. 3350. 2217. 2115. 2542. 2292. 2418. 2186. 3180. 2436. 2909.
  2186. 2896. 2219. 2415. 2527. 2390. 3857. 3575. 3696. 3306. 2994. 3426.
  2715. 3221. 3735. 3826. 3846. 3390. 3902. 4213. 3898. 4029. 3331. 3300.
  3384. 3404. 3422. 3383. 3770. 3664. 3533. 4166. 3696. 3967. 3789. 3712.
  3759. 3732. 3952. 4194. 4080. 3878. 4147. 4211. 4630. 4150. 3847. 3808.
  3837. 5031. 5108. 4114. 4151. 4719. 4342. 5197. 4426.]
 [1961.    0. 1829. 2497. 1565. 2238. 2017. 1154. 1419. 1695. 1987. 1461.
  1912. 2206. 2983. 1980. 2382. 2199. 2460. 2618. 2224. 2941. 2367. 3032.
  2912. 2520. 2188. 2366. 2335. 2860. 2881. 2698. 2776. 2565. 2513. 2680.
  2851. 2701. 2940. 3026. 3043. 2845. 3165. 3363. 3182. 3289. 3129. 3409.
  3889. 3898. 3931. 3784. 3674. 3400. 3985. 3570. 3610. 3908. 3635. 3728.
  3707. 4163. 3783. 3865. 3934. 4065. 3796. 4324. 3979. 3741. 4280. 4113.
  4155. 4373. 4437. 4339. 4296. 4306. 4696. 4608. 4663.]
 [ 140. 1829.    0. 1692.  933.  951. 2647. 1685. 2734. 1512. 2522. 2433.
  2320. 2610. 3250. 2973. 2121. 2433. 2207. 2432. 2939. 3082. 2344. 2831.
  2970. 2856. 3022. 2354. 2459. 2366. 3763. 3482. 3603. 3218. 2915. 3338.
  2669. 3142. 3646. 3737. 3757. 3310. 3815. 4123. 3812. 3943. 3268. 3256.
  3370. 3390. 3409. 3361. 3697. 3599. 3516. 4086. 3642. 3894. 3731. 3664.
  3707. 3714. 3940. 4127. 4023. 3815. 4122. 4143. 4558. 4088. 3839. 3790.
  3820. 4959. 5035. 4091. 4122. 4658. 4329. 5128. 4404.]
 [1577. 2497. 1692.    0. 2172. 1541. 3748. 2175. 2968. 2576. 3569. 2681.
  3302. 3614. 4273. 3001. 1713. 2385. 2839. 1834. 2868. 4023. 3158. 2337.
  2562. 2826. 2530. 2693. 2886. 2235. 3909. 4263. 3748. 3928. 3478. 4041.
  2788. 3705. 3708. 3784. 3800. 3874. 3807. 4123. 3791. 3910. 3575. 3303.
  3029. 3058. 3059. 3124. 4244. 3918. 3211. 3932. 3811. 4429. 3948. 3744.
  3840. 3409. 3551. 3787. 4206. 4181. 3888. 4581. 5071. 4430. 4068. 4156.
  4174. 5464. 5549. 3890. 3991. 4975. 3996. 5571. 4174.]
 [1047. 1565.  933. 2172.    0.  702. 2204.  878. 1988.  580. 2829. 1608.
  2469. 2900. 2728. 2108. 1780. 1500. 1332. 2113. 2025. 2504. 2390. 1973.
  2064. 2177. 2134. 2412. 2532. 2660. 3141. 2844. 2971. 2564. 2249. 2684.
  2924. 2476. 2994. 3085. 3105. 2644. 3157. 3475. 3152. 3284. 2625. 2677.
  2935. 2949. 2975. 2881. 3687. 2950. 3059. 3420. 3022. 3917. 3100. 3067.
  3094. 3250. 3506. 3474. 3396. 3821. 3618. 4205. 3995. 4143. 4089. 3970.
  4011. 4396. 4473. 4293. 4300. 4095. 3938. 4562. 3971.]
 [ 981. 2238.  951. 1541.  702.    0. 2691. 1538. 2641. 1035. 2489. 2221.
  2208. 2521. 3182. 2664. 1210. 1846. 1440. 1537. 2493. 2923. 2892. 2006.
  2227. 1916. 2236. 2500. 2704. 2368. 3506. 3183. 3321. 2865. 2465. 2981.
  2853. 2695. 3298. 3388. 3408. 2866. 3433. 3786. 3420. 3558. 2704. 2615.
  2691. 2711. 2730. 2684. 3957. 3043. 2837. 3634. 3036. 4181. 3141. 3035.
  3091. 3036. 3262. 3579. 3425. 3983. 3447. 3754. 4211. 4294. 3836. 3778.
  3812. 4609. 4690. 4136. 4182. 4216. 3751. 4746. 3831.]
 [2747. 2017. 2647. 3748. 2204. 2691.    0. 2235. 1184. 2821.  475. 1666.
   977.  735. 1026. 1583. 3246. 2586. 2259. 3453. 2024. 1281. 1774. 2454.
  2214. 3020. 2355. 2448. 2278. 3295. 2385. 2350. 2358. 2464. 2885. 2573.
  2975. 3001. 2775. 2865. 2882. 2219. 2240. 2277. 2280. 2342. 2836. 3389.
  4189. 4186. 4230. 3996. 2660. 2986. 4220. 2753. 3352. 2875. 3300. 3560.
  3471. 3707. 3978. 3308. 3566. 3304. 3836. 3394. 3583. 3619. 4443. 4160.
  4212. 4016. 4075. 4286. 4164. 4227. 4749. 3708. 4599.]
 [1819. 1154. 1685. 2175.  878. 1538. 2235.    0. 1111.  634. 1954.  750.
  1595. 2023. 2944. 1292. 2394. 1078. 1312. 2709. 1325. 2647. 1623. 1879.
  1784. 2405. 1925. 2183. 2180. 2874. 2561. 2289. 2404. 2874. 2587. 2172.
  2845. 2884. 2471. 2562. 2581. 2219. 2658. 2939. 2661. 2786. 2372. 2596.
  3073. 3081. 3115. 2962. 3187. 2667. 3164. 2983. 2831. 3421. 2873. 2931.
  2922. 3341. 3628. 3162. 3174. 3433. 3640. 3763. 4203. 3764. 4211. 4012.
  4061. 3976. 4049. 4282. 4240. 3773. 3995. 4170. 3967.]
 [2873. 1419. 2734. 2968. 1988. 2641. 1184. 1111.    0. 1653.  847.  484.
   527.  924. 1835.  654. 2402. 1448. 1996. 2608. 1045. 1603. 1019. 2337.
  2050. 2203. 2243. 2420. 2251. 2496. 2647. 2363. 2480. 2188. 2239. 2344.
  2258. 2461. 2701. 2820. 2845. 2641. 3020. 2351. 2175. 2278. 2305. 2739.
  3438. 3438. 3480. 3270. 2661. 2529. 3490. 2578. 2815. 2895. 2804. 2982.
  2925. 3642. 3953. 2948. 3094. 3091. 3851. 3320. 3664. 3423. 3843. 4233.
  4290. 4128. 4204. 3770. 4329. 4078. 4192. 3747. 4091.]
 [1623. 1695. 1512. 2576.  580. 1035. 2821.  634. 1653.    0. 2496. 1205.
  2075. 2516. 2457. 1629. 1762.  921.  831. 2075. 1482. 2185. 1869. 1466.
  1505. 1840. 1594. 1871. 1965. 2321. 2776. 2464. 2598. 3036. 2572. 2286.
  2439. 2890. 2600. 2691. 2710. 2232. 2754. 3084. 2747. 2881. 2225. 2326.
  2691. 2702. 2733. 2606. 3283. 2546. 2797. 3007. 2637. 3513. 2707. 2699.
  2715. 2982. 3256. 3067. 3005. 3407. 3316. 3792. 4290. 3730. 3841. 3679.
  3724. 4050. 4128. 3978. 3964. 3744. 3703. 4212. 3706.]
 [2623. 1987. 2522. 3569. 2829. 2489.  475. 1954.  847. 2496.    0. 1300.
   516.  304. 1022. 1128. 2984. 2162. 2757. 3183. 1565. 1003. 1300. 2992.
  2644. 2713. 2842. 2963. 2719. 2978. 2135. 2010. 2054. 2050. 2420. 2172.
  2640. 2548. 2419. 2519. 2539. 2668. 2776. 2897. 2825. 2929. 2501. 3050.
  3857. 3854. 3898. 3662. 2432. 2658. 3886. 2477. 3017. 2655. 2969. 3223.
  3135. 4021. 3692. 2996. 3239. 3023. 4170. 3150. 3389. 3343. 4156. 3872.
  3924. 3835. 3901. 3998. 3879. 3966. 4460. 4157. 4312.]
 [2569. 1461. 2433. 2681. 1608. 2221. 1666.  750.  484. 1205. 1300.    0.
   872. 1312. 2239.  569. 2887.  988. 1515. 2264.  767. 1901.  938. 1888.
  1637. 2613. 1822. 2024. 1901. 3033. 2844. 2483. 2634. 2198. 2061. 2364.
  2758. 2325. 2765. 2890. 2916. 2531. 2177. 2430. 2186. 2304. 2959. 2479.
  3125. 3127. 3168. 2969. 2700. 2368. 3186. 2546. 2609. 2935. 2618. 2753.
  2713. 3345. 3651. 2824. 2915. 3029. 3578. 3313. 3715. 3362. 4222. 3958.
  4014. 4184. 4267. 4179. 4095. 4029. 3958. 3770. 3878.]
 [2418. 1912. 2320. 3302. 2469. 2208.  977. 1595.  527. 2075.  516.  872.
     0.  442. 1367.  613. 2648. 1657. 2261. 2840. 1050. 1076.  814. 2477.
  2129. 2348. 2327. 2452. 2219. 2611. 2129. 1877. 1977. 1776. 1998. 1921.
  2278. 2167. 2241. 2355. 2379. 2316. 2577. 2805. 2612. 2744. 2183. 2702.
  3492. 3489. 3533. 3299. 2330. 2366. 3523. 2295. 2700. 2561. 2665. 2895.
  2816. 3661. 3980. 2741. 2944. 2826. 3823. 3012. 3322. 3154. 3852. 4205.
  4265. 3781. 3855. 3715. 4238. 3797. 4167. 4073. 4031.]
 [2710. 2206. 2610. 3614. 2900. 2521.  735. 2023.  924. 2516.  304. 1312.
   442.    0.  926. 1010. 2959. 2072. 2684. 3148. 1419.  738. 1098. 2857.
  2488. 2632. 2685. 2783. 2519. 2881. 1860. 1710. 1763. 1749. 2154. 1869.
  2504. 2266. 2116. 2217. 2237. 2376. 2472. 2606. 2520. 2626. 2316. 2890.
  3728. 3723. 3769. 3523. 2219. 2461. 3748. 2259. 2831. 2443. 2776. 3044.
  2950. 3877. 4198. 2787. 3041. 2806. 4007. 2934. 3183. 3126. 4028. 3732.
  3785. 3632. 3699. 3848. 3721. 3749. 4319. 3948. 4159.]
 [3350. 2983. 3250. 4273. 2728. 3182. 1026. 2944. 1835. 2457. 1022. 2239.
  1367.  926.    0. 1891. 3603. 2948. 2546. 3785. 2253.  666. 1869. 2618.
  2336. 3225. 2472. 2509. 2291. 3447. 1495. 1637. 1563. 1961. 2635. 2012.
  2998. 2640. 2067. 2126. 2137. 2671. 2426. 2329. 2497. 2536. 2650. 3305.
  4223. 4214. 4262. 3995. 2899. 2719. 4220. 2271. 3145. 2264. 3055. 3387.
  3267. 4330. 3959. 2939. 3286. 2823. 3743. 2820. 2924. 3115. 4393. 4059.
  4115. 3340. 3392. 4130. 3972. 3676. 4634. 3706. 4428.]
 [2217. 1980. 2973. 3001. 2108. 2664. 1583. 1292.  654. 1629. 1128.  569.
   613. 1010. 1891.    0. 2254. 1064. 1679. 2435.  443. 1439.  386. 1864.
  1519. 2682. 1717. 1854. 1643. 2173. 2299. 1918. 2077. 1634. 1589. 1799.
  2596. 1822. 2196. 2321. 2348. 2013. 2484. 2837. 2500. 2661. 2579. 2303.
  3061. 3058. 3102. 2874. 2295. 2889. 3097. 3022. 2353. 2530. 2338. 2527.
  2464. 3240. 3556. 2487. 2628. 2654. 3421. 2917. 3310. 2987. 4111. 3803.
  3862. 3779. 3861. 3986. 3874. 3649. 3827. 4030. 3710.]
 [2115. 2382. 2121. 1713. 1780. 1210. 3246. 2394. 2402. 1762. 2984. 2887.
  2648. 2959. 3603. 2254.    0. 2117. 1504.  334. 2838. 3257. 2323. 1715.
  2097. 1120. 1998. 2181. 2494. 1426. 3684. 3318. 3475. 2941. 2413. 3044.
  2205. 2629. 3355. 3439. 3458. 2790. 3429. 3835. 3402. 3543. 2389. 2914.
  2676. 2710. 2726. 2740. 3919. 2728. 2908. 3501. 2593. 4123. 2736. 2521.
  2619. 2276. 2468. 3255. 2987. 3745. 2729. 4242. 4127. 4024. 3028. 3030.
  3056. 4512. 4599. 3421. 3511. 3958. 3626. 4590. 3773.]
 [2542. 2199. 2433. 2385. 1500. 1846. 2586. 1078. 1448.  921. 2162.  988.
  1657. 2072. 2948. 1064. 2117.    0.  619. 2357.  722. 2445. 1140.  903.
   713. 1646.  873. 1115. 1107. 2049. 2220. 2633. 2836. 2168. 1652. 2331.
  1814. 1971. 2775. 2902. 2929. 2208. 2967. 2469. 2951. 2243. 2259. 2578.
  2422. 2425. 2465. 2275. 2643. 2688. 2488. 2352. 2890. 2870. 2955. 3031.
  3016. 2652. 2954. 2429. 2410. 2752. 2911. 3136. 3645. 3076. 3529. 3289.
  3342. 4115. 4208. 3536. 3480. 3748. 3980. 4297. 3917.]
 [2292. 2460. 2207. 2839. 1332. 1440. 2259. 1312. 1996.  831. 2757. 1515.
  2261. 2684. 2546. 1679. 1504.  619.    0. 1738. 1335. 2185. 1750.  642.
   787. 1116.  816. 1091. 1265. 1570. 2627. 2271. 2423. 2680. 2037. 2835.
  1609. 2358. 2341. 2429. 2448. 2596. 2449. 2828. 2430. 2570. 2375. 2431.
  2993. 3004. 2178. 2844. 2963. 2843. 2229. 2614. 2904. 3182. 3021. 2966.
  3003. 2408. 2692. 2562. 2450. 2956. 2727. 3389. 3942. 3268. 3276. 3093.
  3140. 3749. 3832. 3386. 3371. 3931. 3772. 3875. 3765.]
 [2418. 2618. 2432. 1834. 2113. 1537. 3453. 2709. 2608. 2075. 3183. 2264.
  2840. 3148. 3785. 2435.  334. 2357. 1738.    0. 2192. 3424. 2486. 1847.
  2250. 1126. 2128. 2279. 2610. 1322. 3814. 3442. 3601. 3055. 2504. 3153.
  2191. 2713. 3460. 3542. 3560. 2869. 3519. 3934. 3487. 3628. 2405. 2839.
  2445. 2482. 2491. 2548. 3994. 2739. 2689. 3556. 2563. 4192. 2717. 2467.
  2578. 2969. 2291. 3256. 2953. 3766. 2588. 4279. 4173. 4034. 2840. 2872.
  2894. 4552. 4640. 3277. 3385. 3955. 3449. 4613. 3620.]
 [2186. 2224. 2939. 2868. 2025. 2493. 2024. 1325. 1045. 1482. 1565.  767.
  1050. 1419. 2253.  443. 2838.  722. 1335. 2192.    0. 1726.  419. 1438.
  1079. 2273. 1277. 1410. 1210. 2618. 2420. 1970. 2161. 1570. 1300. 1738.
  2154. 1577. 2170. 2298. 2325. 1794. 2411. 2843. 2411. 2589. 2204. 2797.
  2745. 2742. 2786. 2558. 2251. 2551. 2781. 2856. 2910. 2484. 2910. 2237.
  2185. 2924. 3240. 2277. 2372. 2501. 3112. 2817. 3266. 2834. 3796. 3494.
  3553. 3737. 3825. 3686. 3584. 3504. 4190. 3957. 4063.]
 [3180. 2941. 3082. 4023. 2504. 2923. 1281. 2647. 1603. 2185. 1003. 1901.
  1076.  738.  666. 1439. 3257. 2445. 2185. 3424. 1726.    0. 1315. 2205.
  2683. 2817. 2866. 2894. 2578. 3020. 1132. 1080. 1077. 1313. 1971. 1382.
  2542. 1976. 1512. 1593. 1609. 2017. 1877. 1912. 1939. 2010. 2175. 2833.
  3763. 3753. 3801. 3530. 2446. 2250. 3755. 2615. 2671. 2748. 2584. 2912.
  2793. 3861. 4185. 2492. 2820. 2421. 3926. 2482. 2680. 2727. 3991. 4297.
  3711. 3122. 3186. 3727. 4199. 3320. 4230. 3452. 4026.]
 [2436. 2367. 2344. 3158. 2390. 2892. 1774. 1623. 1019. 1869. 1300.  938.
   814. 1098. 1869.  386. 2323. 1140. 1750. 2486.  419. 1315.    0. 1798.
  1409. 2649. 1602. 1685. 1423. 2966. 2021. 1596. 1773. 1262. 1225. 1429.
  2410. 1443. 1840. 1967. 1993. 1629. 2114. 2496. 2125. 2292. 2254. 2975.
  2944. 2939. 2985. 2740. 2850. 2537. 2964. 2636. 2978. 2269. 2940. 2314.
  2240. 3096. 3416. 2221. 2383. 2378. 3244. 2644. 3050. 2711. 3959. 3625.
  3687. 3521. 3605. 3786. 3659. 3373. 4318. 3763. 4158.]
 [2909. 3032. 2831. 2337. 1973. 2006. 2454. 1879. 2337. 1466. 2992. 1888.
  2477. 2857. 2618. 1864. 1715.  903.  642. 1847. 1438. 2205. 1798.    0.
   417.  859.  283.  503.  782. 1181. 2509. 2986. 2293. 2436. 1667. 2571.
   977. 1969. 3001. 2224. 2242. 2196. 2207. 2617. 2178. 2319. 1783. 1793.
  2491. 2495. 2551. 2292. 2695. 2261. 2587. 2292. 2271. 2902. 2401. 2324.
  2365. 2822. 2313. 3012. 2807. 2582. 2299. 3049. 3639. 2883. 2890. 2671.
  2721. 4096. 4197. 2946. 2920. 3536. 3358. 4213. 3326.]
 [2186. 2912. 2970. 2562. 2064. 2227. 2214. 1784. 2050. 1505. 2644. 1637.
  2129. 2488. 2336. 1519. 2097.  713.  787. 2250. 1079. 2683. 1409.  417.
     0. 1272.  198.  402.  721. 1557. 2213. 2575. 2799. 2030. 1294. 2170.
  1122. 1607. 2604. 2722. 2748. 1841. 2714. 2339. 2679. 2876. 1614. 1866.
  2775. 2773. 2833. 2532. 2437. 2072. 2839. 2889. 2201. 2650. 2288. 2323.
  2320. 2180. 2490. 2812. 2707. 2394. 2413. 2833. 3400. 2706. 3057. 2793.
  2847. 3862. 3961. 3030. 2972. 3370. 3487. 4000. 3411.]
 [2896. 2520. 2856. 2826. 2177. 1916. 3020. 2405. 2203. 1840. 2713. 2613.
  2348. 2632. 3225. 2682. 1120. 1646. 1116. 1126. 2273. 2817. 2649.  859.
  1272.    0. 1107. 1196. 1542.  485. 3105. 2724. 2887. 2323. 2441. 2412.
  1085. 2717. 2709. 2787. 2804. 2926. 2746. 3171. 2711. 2851. 2246. 1816.
  1939. 1958. 1997. 1865. 3208. 2716. 2108. 2756. 2514. 3400. 2713. 2429.
  2555. 2377. 2737. 2461. 2189. 2963. 2920. 3475. 4105. 3235. 2538. 2425.
  2463. 3869. 3958. 2771. 2815. 3857. 3077. 3930. 3140.]
 [2219. 2188. 3022. 2530. 2134. 2236. 2355. 1925. 2243. 1594. 2842. 1822.
  2327. 2685. 2472. 1717. 1998.  873.  816. 2128. 1277. 2866. 1602.  283.
   198. 1107.    0.  278.  502. 1367. 2318. 2716. 2942. 2160. 1384. 2293.
   942. 1686. 2720. 2835. 2860. 1913. 2808. 2416. 2768. 2966. 1560. 1712.
  2578. 2577. 2637. 2340. 2493. 2030. 2646. 2935. 2102. 2701. 2209. 2196.
  2210. 2864. 2353. 2779. 2623. 2398. 2289. 2856. 3440. 2703. 2922. 2667.
  2720. 3899. 3999. 2914. 2865. 3361. 3359. 4021. 3295.]
 [2415. 2366. 2354. 2693. 2412. 2500. 2448. 2183. 2420. 1871. 2963. 2024.
  2452. 2783. 2509. 1854. 2181. 1115. 1091. 2279. 1410. 2894. 1685.  503.
   402. 1196.  278.    0.  350. 1360. 2267. 2638. 2867. 2069. 1245. 2188.
   745. 1525. 2600. 2709. 2733. 1741. 2656. 2318. 2609. 2806. 1288. 1464.
  2442. 2436. 2499. 2173. 2368. 1763. 2485. 2726. 1824. 2569. 1931. 1927.
  1935. 2688. 2234. 2514. 2345. 2224. 2988. 2696. 3295. 2524. 2793. 2513.
  2569. 3749. 3851. 2744. 2684. 3178. 3208. 3857. 3125.]
 [2527. 2335. 2459. 2886. 2532. 2704. 2278. 2180. 2251. 1965. 2719. 1901.
  2219. 2519. 2291. 1643. 2494. 1107. 1265. 2610. 1210. 2578. 1423.  782.
   409. 1542.  502.  350.    0. 1705. 2826. 2288. 2517. 1718.  901. 1839.
   994. 1192. 2253. 2363. 2388. 1415. 2320. 2906. 2277. 2474. 1156. 1587.
  2713. 2703. 2769. 2416. 2996. 1602. 2732. 2434. 1789. 2344. 1848. 1960.
  1922. 2915. 2401. 2337. 2270. 2877. 2248. 2501. 3082. 2364. 2945. 2631.
  2690. 3541. 3641. 2827. 2738. 3028. 3326. 3667. 3205.]
 [2390. 2860. 2366. 2235. 2660. 2368. 3295. 2874. 2496. 2321. 2978. 3033.
  2611. 2881. 3447. 2173. 1426. 2049. 1570. 1322. 2618. 3020. 2966. 1181.
  1557.  485. 1367. 1360. 1705.    0. 3232. 2846. 3010. 2437. 2566. 2514.
   954. 2808. 2794. 2866. 2882. 2995. 2799. 3236. 2758. 2895. 2153. 1518.
  1455. 1473. 1513. 1394. 3228. 2595. 1626. 2742. 2284. 3405. 2510. 2134.
  2295. 1898. 2253. 2349. 2824. 2885. 2462. 3421. 4075. 3135. 2192. 2928.
  2978. 3832. 3922. 2448. 2511. 3730. 2735. 3864. 2813.]
 [3857. 2881. 3763. 3909. 3141. 3506. 2385. 2561. 2647. 2776. 2135. 2844.
  2129. 1860. 1495. 2299. 3684. 2220. 2627. 3814. 2420. 1132. 2021. 2509.
  2213. 3105. 2318. 2267. 2826. 3232.    0.  541.  312. 1117. 1977. 1032.
  2638. 1801.  781.  771.  769. 1702. 1065.  834. 1150. 1122. 2843. 2764.
  3787. 3770. 3821. 3523. 1408. 2770. 3737. 1804. 2447. 1677. 2313. 2718.
  2565. 3806. 4122. 2871. 2484. 2549. 3765. 2461. 2634. 2923. 3884. 4111.
  4180. 2316. 2379. 4112. 3880. 2618. 4038. 2658. 3771.]
 [3575. 2698. 3482. 4263. 2844. 3183. 2350. 2289. 2363. 2464. 2010. 2483.
  1877. 1710. 1637. 1918. 3318. 2633. 2271. 3442. 1970. 1080. 1596. 2986.
  2575. 2724. 2716. 2638. 2288. 2846.  541.    0.  230.  576. 1436.  503.
  2253. 1274.  434.  514.  532. 1199.  799.  932.  865.  931. 2337. 2395.
  3409. 3393. 3444. 3148. 1400. 2308. 3365. 1547. 2954. 1717. 2783. 2374.
  2229. 3439. 3757. 2507. 2182. 2323. 3418. 2407. 2777. 2744. 4215. 3772.
  3840. 2442. 2518. 3796. 3581. 2550. 3760. 2736. 4129.]
 [3696. 2776. 3603. 3748. 2971. 3321. 2358. 2404. 2480. 2598. 2054. 2634.
  1977. 1763. 1563. 2077. 3475. 2836. 2423. 3601. 2161. 1077. 1773. 2293.
  2799. 2887. 2942. 2867. 2517. 3010.  312.  230.    0.  805. 1665.  724.
  2416. 1495.  538.  570.  578. 1406.  875.  843.  953.  974. 2547. 2550.
  3568. 3551. 3602. 3305. 1370. 2496. 3521. 1632. 2247. 1671. 2969. 2516.
  2367. 3592. 3910. 2649. 2304. 2400. 3562. 2408. 2696. 2801. 3710. 3912.
  3981. 2377. 2447. 3925. 3702. 2567. 3875. 2691. 4253.]
 [3306. 2565. 3218. 3928. 2564. 2865. 2464. 2874. 2188. 3036. 2050. 2198.
  1776. 1749. 1961. 1634. 2941. 2168. 2680. 3055. 1570. 1313. 1262. 2436.
  2030. 2323. 2160. 2069. 1718. 2437. 1117.  576.  805.    0.  861.  254.
  2581. 1093.  608.  734.  762. 1072.  852. 1291.  866. 1030. 1813. 2809.
  3007. 2992. 3042. 2750. 1591. 1853. 2968. 1439. 2470. 1919. 2326. 2828.
  2641. 3049. 3370. 2187. 2642. 2190. 3054. 2464. 3014. 2645. 3842. 3416.
  3483. 2622. 2708. 3469. 3273. 2529. 4077. 2864. 3813.]
 [2994. 2513. 2915. 3478. 2249. 2465. 2885. 2587. 2239. 2572. 2420. 2061.
  1998. 2154. 2635. 1589. 2413. 1652. 2037. 2504. 1300. 1971. 1225. 1667.
  1294. 2441. 1384. 1245.  901. 2566. 1977. 1436. 1665.  861.    0.  958.
  1721.  322. 1356. 1464. 1488.  561. 1424. 2005. 1386. 1584. 1096. 2005.
  2404. 2390. 2440. 3017. 2121. 1318. 2375. 1644. 1814. 2423. 1741. 2126.
  1982. 2469. 2791. 1899. 2126. 2225. 2520. 2742. 2488. 2687. 3287. 2892.
  2957. 2955. 3051. 2996. 2838. 2590. 3571. 3120. 3357.]
 [3426. 2680. 3338. 4041. 2684. 2981. 2573. 2172. 2344. 2286. 2172. 2364.
  1921. 1869. 2012. 1799. 3044. 2331. 2835. 3153. 1738. 1382. 1429. 2571.
  2170. 2412. 2293. 2188. 1839. 2514. 1032.  503.  724.  144.  958.    0.
  2670.  771.  445.  571.  598.  703.  685. 1129.  703.  863. 1836. 2852.
  3052. 3035. 3086. 2789. 1422. 1833. 3006. 1300. 2467. 1751. 2308. 2834.
  2637. 3080. 3398. 2110. 2604. 2062. 3065. 2307. 2846. 2513. 3859. 3421.
  3489. 2502. 2588. 3458. 3253. 2427. 4075. 2745. 3797.]
 [2715. 2851. 2669. 2788. 2924. 2853. 2975. 2845. 2258. 2439. 2640. 2758.
  2278. 2504. 2998. 2596. 2205. 1814. 1609. 2191. 2154. 2542. 2410.  977.
  1122. 1085.  942.  745.  994.  954. 2638. 2253. 2416. 2581. 1721. 2670.
     0. 1920. 3033. 2231. 2246. 2086. 3007. 2587. 2945. 2235. 1201.  826.
  1719. 1709. 1775. 1432. 2556. 1653. 1745. 2889. 1436. 2728. 1628. 1399.
  1491. 1943. 2386. 2371. 1990. 2212. 2265. 2742. 3394. 2472. 2261. 2794.
  2869. 3824. 3931. 2251. 2223. 3086. 2687. 3871. 2632.]
 [3221. 2701. 3142. 3705. 2476. 2695. 3001. 2884. 2461. 2890. 2548. 2325.
  2167. 2266. 2640. 1822. 2629. 1971. 2358. 2713. 1577. 1976. 1443. 1969.
  1607. 2717. 1686. 1525. 1192. 2808. 1801. 1274. 1495.  621.  322.  771.
  1920.    0. 1113. 1208. 1231.  239. 1131. 1730. 1085. 1282. 1089. 2085.
  2501. 2484. 2535. 2239. 1809. 1189. 2456. 1324. 1766. 2106. 1648. 2112.
  1937. 2533. 2853. 1676. 2000. 1928. 2538. 2423. 2259. 2393. 3324. 2902.
  2969. 2725. 2822. 2971. 2790. 2379. 3569. 2891. 3323.]
 [3735. 2940. 3646. 3708. 2994. 3298. 2775. 2471. 2701. 2600. 2419. 2765.
  2241. 2116. 2067. 2196. 3355. 2775. 2341. 3460. 2170. 1512. 1840. 3001.
  2604. 2709. 2720. 2600. 2253. 2794.  781.  434.  538.  608. 1356.  445.
  3033. 1113.    0.  128.  155.  966.  365.  684.  431.  510. 2092. 2235.
  3272. 3252. 3304. 3001. 1028. 1991. 3211. 1114. 2652. 1355. 2460. 3035.
  2817. 3270. 3584. 2111. 2701. 1890. 3213. 1994. 2442. 2310. 4017. 3556.
  3625. 2211. 2293. 3554. 3325. 2246. 4190. 2478. 3878.]
 [3826. 3026. 3737. 3784. 3085. 3388. 2865. 2562. 2820. 2691. 2519. 2890.
  2355. 2217. 2126. 2321. 3439. 2902. 2429. 3542. 2298. 1593. 1967. 2224.
  2722. 2787. 2835. 2709. 2363. 2866.  771.  514.  570.  734. 1464.  571.
  2231. 1208.  128.    0.   27. 1046.  305.  559.  385.  418. 2155. 2281.
  3323. 3303. 3354. 3049.  909. 2027. 3258. 1062. 2691. 1235. 2490. 2196.
  2854. 3312. 3624. 2101. 2714. 1831. 3242. 1894. 2319. 2239. 4048. 3580.
  3650. 2974. 2204. 3568. 3332. 2183. 4208. 2393. 3886.]
 [3846. 3043. 3757. 3800. 3105. 3408. 2882. 2581. 2845. 2710. 2539. 2916.
  2379. 2237. 2137. 2348. 3458. 2929. 2448. 3560. 2325. 1609. 1993. 2242.
  2748. 2804. 2860. 2733. 2388. 2882.  769.  532.  578.  762. 1488.  598.
  2246. 1231.  155.   27.    0. 1065.  300.  533.  382.  402. 2171. 2293.
  3335. 3315. 3366. 3061.  885. 2038. 3270. 1055. 2702. 1211. 2500. 2205.
  2864. 3323. 3634. 2102. 2720. 1822. 3250. 1875. 2293. 2227. 4056. 3587.
  3657. 2948. 2185. 3572. 3336. 2172. 4213. 2376. 3890.]
 [3390. 2845. 3310. 3874. 2644. 2866. 2219. 2219. 2641. 2232. 2668. 2531.
  2316. 2376. 2671. 2013. 2790. 2208. 2596. 2869. 1794. 2017. 1629. 2196.
  1841. 2926. 1913. 1741. 1415. 2995. 1702. 1199. 1406.  609.  561.  703.
  2086.  239.  966. 1046. 1065.    0.  792. 1539.  746. 1068. 1141. 2172.
  2582. 2564. 2615. 2313. 1581. 1141. 2525. 1086. 1765. 1872. 1614. 2131.
  1935. 2590. 2907. 1530. 1933. 1713. 2564. 2186. 2927. 2179. 3359. 2919.
  2987. 2555. 2652. 2962. 2764. 2224. 3575. 2721. 3305.]
 [3902. 3165. 3815. 3807. 3157. 3433. 2240. 2658. 3020. 2754. 2776. 2177.
  2577. 2472. 2426. 2484. 3429. 2967. 2449. 3519. 2411. 1877. 2114. 2207.
  2714. 2746. 2808. 2656. 2320. 2799. 1065.  799.  875.  852. 1424.  685.
  3007. 1131.  365.  305.  300. 1395.    0.  619.   87.  179. 1968. 3007.
  3196. 3174. 3226. 2918.  743. 1790. 3121.  758. 2455. 1069. 2242. 2845.
  2614. 3166. 3472. 1808. 2443. 1529. 3072. 1644. 2165. 1945. 3881. 3403.
  3473. 2825. 2948. 3375. 3133. 2783. 4021. 2256. 3688.]
 [4213. 3363. 4123. 4123. 3475. 3786. 2277. 2939. 2351. 3084. 2897. 2430.
  2805. 2606. 2329. 2837. 3835. 2469. 2828. 3934. 2843. 1912. 2496. 2617.
  2339. 3171. 2416. 2318. 2906. 3236.  834.  932.  843. 1291. 2005. 1129.
  2587. 1730.  684.  559.  533. 1539.  619.    0.  690.  530. 2582. 2583.
  3634. 3612. 3663. 3354.  579. 2375. 3556. 1142. 3036.  844. 2810. 2446.
  2276. 3594. 3897. 2280. 2968. 1807. 3479. 1630. 1854. 2137. 4290. 3800.
  3870. 2493. 2597. 3744. 3485. 2841. 3742. 2927. 4041.]
 [3898. 3182. 3812. 3791. 3152. 3420. 2280. 2661. 2175. 2747. 2825. 2186.
  2612. 2520. 2497. 2500. 3402. 2951. 2430. 3487. 2411. 1939. 2125. 2178.
  2679. 2711. 2768. 2609. 2277. 2758. 1150.  865.  953.  866. 1386.  703.
  2945. 1085.  431.  385.  382. 1314.   87.  690.    0.  198. 1893. 2931.
  3142. 3120. 3171. 2863.  752. 2568. 3066.  684. 2372. 1073. 2157. 2761.
  2529. 3108. 3415. 1722. 2356. 1459. 3012. 1608. 2166. 1881. 3821. 3342.
  3412. 2826. 2952. 3313. 3071. 2732. 3959. 2246. 3626.]
 [4029. 3289. 3943. 3910. 3284. 3558. 2342. 2786. 2278. 2881. 2929. 2304.
  2744. 2626. 2536. 2661. 3543. 2243. 2570. 3628. 2589. 2010. 2292. 2319.
  2876. 2851. 2966. 2806. 2474. 2895. 1122.  931.  974. 1030. 1584.  863.
  2235. 1282.  510.  418.  402. 1068.  179.  530.  198.    0. 2060. 2208.
  3260. 3237. 3288. 2979.  565. 1845. 3179.  683. 2507.  891. 2283. 2897.
  2660. 3216. 3519. 1789. 2455. 1432. 3103. 1485. 1986. 1828. 3913. 3427.
  3496. 2647. 2770. 3382. 3131. 2642. 4033. 2985. 3687.]
 [3331. 3129. 3268. 3575. 2625. 2704. 2836. 2372. 2305. 2225. 2501. 2959.
  2183. 2316. 2650. 2579. 2389. 2259. 2375. 2405. 2204. 2175. 2254. 1783.
  1614. 2246. 1560. 1288. 1156. 2153. 2843. 2337. 2547. 1813. 1096. 1836.
  1201. 1089. 2092. 2155. 2171. 1141. 1968. 2582. 1893. 2060.    0. 1041.
  2509. 2479. 2551. 2121. 2444.  481. 2410. 1714.  725. 2659.  709. 1033.
   890. 2490. 2932. 1232. 1128. 1906. 2467. 2640. 2540. 2292. 2549. 2978.
  2193. 2967. 3074. 2214. 2885. 2274. 2797. 3018. 2575.]
 [3300. 3409. 3256. 3303. 2677. 2615. 3389. 2596. 2739. 2326. 3050. 2479.
  2702. 2890. 3305. 2303. 2914. 2578. 2431. 2839. 2797. 2833. 2975. 1793.
  1866. 1816. 1712. 1464. 1587. 1518. 2764. 2395. 2550. 2809. 2005. 2852.
   826. 2085. 2235. 2281. 2293. 2172. 3007. 2583. 2931. 2208. 1041.    0.
  1475. 1233. 1294.  924. 2458. 1312. 1170. 2684.  807. 2591. 1063.  618.
   786. 1250. 1634. 1882. 1320. 2687. 1570. 2481. 3167. 2975. 2604. 2104.
  2190. 3563. 3671. 2382. 2303. 2680. 2196. 3546. 2915.]
 [3384. 3889. 3370. 3029. 2935. 2691. 4189. 3073. 3438. 2691. 3857. 3125.
  3492. 3728. 4223. 3061. 2676. 2422. 2993. 2445. 2745. 3763. 2944. 2491.
  2775. 1939. 2578. 2442. 2713. 1455. 3787. 3409. 3568. 3007. 2404. 3052.
  1719. 2501. 3272. 3323. 3335. 2582. 3196. 3634. 3142. 3260. 2509. 1475.
     0.   50.   51.  404. 3508. 2774.  234. 2962. 2184. 3633. 2449. 2763.
  2087.  534.  685. 2321. 2564. 2907. 1233. 3476. 4171. 3065. 1618. 1581.
  1610. 3863. 3956. 2169. 2388. 3538. 2411. 3807. 2632.]
 [3404. 3898. 3390. 3058. 2949. 2711. 4186. 3081. 3438. 2702. 3854. 3127.
  3489. 3723. 4214. 3058. 2710. 2425. 3004. 2482. 2742. 3753. 2939. 2495.
  2773. 1958. 2577. 2436. 2703. 1473. 3770. 3393. 3551. 2992. 2390. 3035.
  1709. 2484. 3252. 3303. 3315. 2564. 3174. 3612. 3120. 3237. 2479. 2170.
    50.    0.   72.  366. 3483. 2738.  193. 2936. 2144. 3607. 2409. 2700.
  2045.  492.  666. 2291. 2519. 2877. 1186. 3447. 4142. 3034. 1598. 1542.
  1573. 3837. 3930. 2126. 2341. 3505. 2381. 3779. 2592.]
 [3422. 3931. 3409. 3059. 2975. 2730. 4230. 3115. 3480. 2733. 3898. 3168.
  3533. 3769. 4262. 3102. 2726. 2465. 2178. 2491. 2786. 3801. 2985. 2551.
  2833. 1997. 2637. 2499. 2769. 1513. 3821. 3444. 3602. 3042. 2440. 3086.
  1775. 2535. 3304. 3354. 3366. 2615. 3226. 3663. 3171. 3288. 2551. 2278.
    90.   72.    0.  437. 3534. 2808.  221. 2986. 2212. 3657. 2477. 2799.
  2112.  500.  638. 2338. 2583. 2924. 1204. 3494. 4190. 3079. 1561. 1538.
  1565. 3877. 3970. 2132. 2360. 3546. 2359. 3817. 2590.]
 [3383. 3784. 3361. 3124. 2881. 2684. 3996. 2962. 3270. 2606. 3662. 2969.
  3299. 3523. 3995. 2874. 2740. 2275. 2844. 2548. 2558. 3530. 2740. 2292.
  2532. 1865. 2340. 2173. 2416. 1394. 3523. 3148. 3305. 2750. 3017. 2789.
  1432. 2239. 3001. 3049. 3061. 2313. 2918. 3354. 2863. 2979. 2121. 1626.
   404.  366.  437.    0. 3222. 2372.  270. 2675. 2678. 3346. 2045. 2160.
  2535.  531.  818. 2849. 2168. 2619. 1083. 3189. 3884. 2783. 1757. 1534.
  1586. 4256. 3713. 2053. 2198. 3267. 2451. 4195. 2554.]
 [3770. 3674. 3697. 4244. 3687. 3957. 2660. 3187. 2661. 3283. 2432. 2700.
  2330. 2219. 2899. 2295. 3919. 2643. 2963. 3994. 2251. 2446. 2850. 2695.
  2437. 3208. 2493. 2368. 2996. 3228. 1408. 1400. 1370. 1591. 2121. 1422.
  2556. 1809. 1028.  909.  885. 1581.  743.  579.  752.  565. 2444. 2458.
  3508. 3483. 3534. 3222.    0. 2143. 3410.  778. 2777.  329. 2528. 2258.
  2914. 3427. 3717. 1885. 2615. 1291. 3261. 1053. 1424. 1578. 4069. 3560.
  3629. 2083. 2205. 3464. 3188. 2262. 4128. 2444. 3741.]
 [3664. 3400. 3599. 3918. 2950. 3043. 2986. 2667. 2529. 2546. 2658. 2368.
  2366. 2461. 2719. 2889. 2728. 2688. 2843. 2739. 2551. 2250. 2537. 2261.
  2072. 2716. 2030. 1763. 1602. 2595. 2770. 2308. 2496. 1853. 1318. 1833.
  1653. 1189. 1991. 2027. 2038. 1141. 1790. 2375. 1458. 1845.  481. 1312.
  2774. 2738. 2808. 2372. 2143.    0. 2635. 1376.  665. 2319.  476. 1055.
   826. 2668. 2203.  752.  813. 1447. 2515. 2206. 2247. 1817. 2603. 2990.
  2204. 2661. 2768. 3013. 2732. 2705. 2773. 2691. 2491.]
 [3533. 3985. 3516. 3211. 3059. 2837. 4220. 3164. 3490. 2797. 3886. 3186.
  3523. 3748. 4220. 3097. 2908. 2488. 2229. 2689. 2781. 3755. 2964. 2587.
  2839. 2108. 2646. 2485. 2732. 1626. 3737. 3365. 3521. 2968. 2375. 3006.
  1745. 2456. 3211. 3258. 3270. 2525. 3121. 3556. 3066. 3179. 2410. 2059.
   413.  340.  388.  475. 3410. 2635.    0. 2860. 3036. 3526. 3430. 2487.
  2869.  281.  653. 2189. 2360. 2775. 1447. 3344. 4041. 2919. 1467. 2011.
  2067. 3744. 3837. 1908. 2116. 3374. 2207. 4322. 2382.]
 [4166. 3570. 4086. 3932. 3420. 3634. 2753. 2983. 2578. 3007. 2477. 2546.
  2295. 2259. 2271. 3022. 3501. 2352. 2614. 3556. 2856. 2615. 2636. 2292.
  2889. 2756. 2935. 2726. 2434. 2742. 1804. 1547. 1632. 1439. 1644. 1300.
  2889. 1324. 1114. 1062. 1055. 1086.  758. 1142.  684.  683. 1714. 2684.
  2962. 2936. 2986. 2675.  778. 1376. 2860.    0. 2000.  948. 1751. 2386.
  2136. 2873. 3162. 1140. 1850.  777. 2708. 1100. 1892. 1214. 3517. 3013.
  3082. 2528. 2670. 2935. 2671. 2105. 3595. 2727. 3227.]
 [3696. 3610. 3642. 3811. 3022. 3036. 3352. 2831. 2815. 2637. 3017. 2609.
  2700. 2831. 3145. 2353. 2593. 2890. 2904. 2563. 2910. 2671. 2978. 2271.
  2201. 2514. 2102. 1824. 1789. 2284. 2447. 2954. 2247. 2470. 1814. 2467.
  1436. 1766. 2652. 2691. 2702. 1765. 2455. 3036. 2372. 2507.  725.  807.
  2184. 2144. 2212. 1521. 2777.  665. 1725. 2000.    0. 2925.  266.  391.
   171. 1731. 2080. 1083.  554. 1898. 1851. 2694. 2616. 2169. 2982. 2332.
  2428. 2999. 3108. 2396. 2162. 2952. 2315. 2971. 2894.]
 [3967. 3908. 3894. 4429. 3917. 4181. 2875. 3421. 2895. 3513. 2655. 2935.
  2561. 2443. 2264. 2530. 4123. 2870. 3182. 4192. 2484. 2748. 2269. 2902.
  2650. 3400. 2701. 2569. 2344. 3405. 1677. 1717. 1671. 1919. 2423. 1751.
  2728. 2106. 1355. 1235. 1211. 1872. 1069.  844. 1073.  891. 2659. 2591.
  3633. 3607. 3657. 3346.  329. 2319. 3526.  948. 2925.    0. 2668. 2358.
  2177. 3531. 3812. 1959. 2705. 1260. 3335. 1241. 1096. 1456. 4137. 3617.
  3686. 1756. 1879. 3492. 3203. 2033. 4160. 2118. 3752.]
 [3789. 3635. 3731. 3948. 3100. 3141. 3300. 2873. 2804. 2707. 2969. 2618.
  2665. 2776. 3055. 2338. 2736. 2955. 3021. 2717. 2910. 2584. 2940. 2401.
  2288. 2713. 2209. 1931. 1848. 2510. 2313. 2783. 2969. 2326. 1741. 2308.
  1628. 1648. 2460. 2490. 2500. 1614. 2242. 2810. 2157. 2283.  709. 1063.
  2449. 2409. 2477. 2045. 2528.  476. 1949. 1751.  266. 2668.    0.  636.
   385. 1948. 2290.  820.  422. 1633. 2065. 2428. 2426. 1913. 2284. 2526.
  2624. 2810. 2919. 2537. 2262. 2717. 2435. 2787. 3016.]
 [3712. 3728. 3664. 3744. 3067. 3035. 3560. 2931. 2982. 2699. 3223. 2753.
  2895. 3044. 3387. 2527. 2521. 3031. 2966. 2467. 2237. 2912. 2314. 2324.
  2323. 2429. 2196. 1927. 1960. 2134. 2718. 2374. 2516. 2828. 2126. 2834.
  1399. 2112. 3035. 2196. 2205. 2131. 2845. 2446. 2761. 2897. 1033.  618.
  1570. 1534. 1590. 1227. 2258. 1055. 1413. 2386.  391. 2358.  636.    0.
   254. 1404. 1748. 1415.  748. 2236. 1466. 3035. 2862. 2467. 2594. 1959.
  2054. 3231. 3340. 2073. 1888. 2277. 2888. 3179. 2586.]
 [3759. 3707. 3707. 3840. 3094. 3091. 3471. 2922. 2925. 2715. 3135. 2713.
  2816. 2950. 3267. 2464. 2619. 3016. 3003. 2578. 2185. 2793. 2240. 2365.
  2320. 2555. 2210. 1935. 1922. 2295. 2565. 2229. 2367. 2641. 1982. 2637.
  1491. 1937. 2817. 2854. 2864. 1935. 2614. 2276. 2529. 2660.  890.  786.
  2087. 2045. 2112. 1440. 2914.  826. 1630. 2136.  171. 2177.  385.  254.
     0. 1621. 1961. 1164.  534. 1985. 1690. 2784. 2682. 2227. 2823. 2165.
  2262. 3055. 3164. 2225. 1995. 2974. 2193. 3010. 2724.]
 [3732. 4163. 3714. 3409. 3250. 3036. 3707. 3341. 3642. 2982. 4021. 3345.
  3661. 3877. 4330. 3240. 2276. 2652. 2408. 2969. 2924. 3861. 3096. 2822.
  2180. 2377. 2864. 2688. 2915. 1898. 3806. 3439. 3592. 3049. 2469. 3080.
  1943. 2533. 3270. 3312. 3323. 2590. 3166. 3594. 3108. 3216. 2490. 2201.
   534.  492.  500.  531. 3427. 2668.  281. 2873. 3047. 3531. 3429. 2472.
  2853.    0.  387. 3037. 2309. 2749. 1064. 3317. 4014. 2873. 1229. 1588.
  1645. 3708. 3801. 1635. 2803. 3296. 1934. 4260. 2103.]
 [3952. 3783. 3940. 3551. 3506. 3262. 3978. 3628. 3953. 3256. 3692. 3651.
  3980. 4198. 3959. 3556. 2468. 2954. 2692. 2291. 3240. 4185. 3416. 2313.
  2490. 2737. 2353. 2234. 2401. 2253. 4122. 3757. 3910. 3370. 2791. 3398.
  2386. 2853. 3584. 3624. 3634. 2907. 3472. 3897. 3415. 3519. 2932. 2876.
  1206. 1173. 1122. 1440. 3717. 2203.  653. 3162. 3661. 3812. 4032. 3077.
  3452.  682.    0. 2433. 4013. 3007. 1222. 3570. 4266. 3109. 1233. 1363.
  1358. 3909. 4001. 2323. 2817. 3492. 2441. 3804. 2913.]
 [4194. 3865. 4127. 3787. 3474. 3579. 3308. 3162. 2948. 3067. 2996. 2824.
  2741. 2787. 2939. 2487. 3255. 2429. 2562. 3256. 2277. 2492. 2221. 3012.
  2812. 2461. 2779. 2514. 2337. 2349. 2871. 2507. 2649. 2187. 1899. 2110.
  2371. 1676. 2111. 2101. 2102. 1530. 1808. 2280. 1722. 1789. 1232. 1882.
  2321. 2291. 2338. 2849. 1885.  752. 2189. 1140. 1083. 1959.  820. 1415.
  1164. 3037. 2433.    0.  748.  821. 2715. 1619. 2595. 1102. 2738. 2220.
  2289. 2226. 2335. 2974. 2603. 1959. 2784. 2205. 2414.]
 [4080. 3934. 4023. 4206. 3396. 3425. 3566. 3174. 3094. 3005. 3239. 2915.
  2944. 3041. 3286. 2628. 2987. 2410. 2450. 2953. 2372. 2820. 2383. 2807.
  2707. 2189. 2623. 2345. 2270. 2824. 2484. 2182. 2304. 2642. 2126. 2604.
  1990. 2000. 2701. 2714. 2720. 1933. 2443. 2968. 2356. 2455. 1128. 1320.
  2564. 2519. 2583. 2168. 2615.  813. 2360. 1850.  554. 2705.  422.  748.
   534. 2309. 2280.  748.    0. 1546. 1967. 2338. 2366. 1731. 2206. 2372.
  2470. 2717. 2825. 2286. 1960. 2444. 2281. 2648. 2732.]
 [3878. 4065. 3815. 4181. 3821. 3983. 3304. 3433. 3091. 3407. 3023. 3029.
  2826. 2806. 2823. 2654. 3745. 2752. 2956. 3766. 2501. 2421. 2378. 2582.
  2394. 2963. 2398. 2224. 2877. 2885. 2549. 2323. 2400. 2190. 2225. 2062.
  2212. 1928. 1890. 1831. 1822. 1713. 1529. 1807. 1459. 1432. 1906. 2687.
  2907. 2877. 2924. 2619. 1291. 1447. 2775.  777. 1898. 1260. 1633. 2236.
  1985. 2749. 3007.  821. 1546.    0. 2495.  798. 1774.  467. 3283. 2752.
  2820. 2305. 2457. 2601. 2306. 1405. 3270. 2323. 2854.]
 [4147. 3796. 4122. 3888. 3618. 3447. 3836. 3640. 3851. 3316. 4170. 3578.
  3823. 4007. 3743. 3421. 2729. 2911. 2727. 2588. 3112. 3926. 3244. 2299.
  2413. 2920. 2289. 2988. 2248. 2462. 3765. 3418. 3562. 3054. 2520. 3065.
  2265. 2538. 3213. 3242. 3250. 2564. 3072. 3479. 3012. 3103. 2467. 1570.
  1233. 1186. 1204. 1083. 3261. 2515.  822. 2708. 1851. 3335. 2065. 1466.
  1690.  604.  694. 2715. 1967. 2495.    0. 3048. 3738. 2568. 1135.  536.
   620. 4050. 4157.  970. 1156. 2922. 1510. 3910. 1479.]
 [4211. 4324. 4143. 4581. 4205. 3754. 3394. 3763. 3320. 3792. 3150. 3313.
  3012. 2934. 2820. 2917. 4242. 3136. 3389. 4279. 2817. 2482. 2644. 3049.
  2833. 3475. 2856. 2696. 2501. 3421. 2461. 2407. 2408. 2464. 2742. 2307.
  2742. 2423. 1994. 1894. 1875. 2186. 1644. 1630. 1608. 1485. 2640. 2481.
  3476. 3447. 3494. 3189. 1053. 2206. 3344. 1100. 2694.  705. 2428. 3035.
  2784. 3317. 3570. 1619. 2338.  798. 3048.    0.  977.  740. 3826. 3289.
  3356. 1522. 1672. 3104. 2794. 1213. 3773. 1634. 3327.]
 [4630. 3979. 4558. 5071. 3995. 4211. 3583. 4203. 3664. 4290. 3389. 3715.
  3322. 3183. 2924. 3310. 4127. 3645. 3942. 4173. 3266. 2680. 3050. 3639.
  3400. 4105. 3440. 3295. 3082. 4075. 2634. 2777. 2696. 3014. 2488. 2846.
  3394. 2259. 2442. 2319. 2293. 2927. 2165. 1854. 2166. 1986. 2540. 3167.
  4171. 4142. 4190. 3884. 1424. 2247. 4041. 1892. 2616. 1096. 2426. 2862.
  2682. 4014. 4266. 2595. 2366. 1774. 3738.  977.    0. 1654. 3836. 3968.
  4034.  661.  789. 3761. 3441. 1657. 3765. 1095. 3960.]
 [4150. 3741. 4088. 4430. 4143. 4294. 3619. 3764. 3423. 3730. 3343. 3362.
  3154. 3126. 3115. 2987. 4024. 3076. 3268. 4034. 2834. 2727. 2711. 2883.
  2706. 3235. 2703. 2524. 2364. 3135. 2923. 2744. 2801. 2645. 2687. 2513.
  2472. 2393. 2310. 2239. 2227. 2179. 1945. 2137. 1881. 1828. 2292. 2975.
  3065. 3034. 3079. 2783. 1578. 1817. 2919. 1214. 2169. 1456. 1913. 2467.
  2227. 2873. 3109. 1102. 1731.  467. 2568.  740. 1654.    0. 3330. 2788.
  2854. 2084. 2235. 2585. 2271.  942. 3252. 1993. 2801.]
 [3847. 4280. 3839. 4068. 4089. 3836. 4443. 4211. 3843. 3841. 4156. 4222.
  3852. 4028. 4393. 4111. 3028. 3529. 3276. 2840. 3796. 3991. 3959. 2890.
  3057. 2538. 2922. 2793. 2945. 2192. 3884. 4215. 3710. 3842. 3287. 3859.
  2261. 3324. 4017. 4048. 4056. 3359. 3881. 4290. 3821. 3913. 2549. 2604.
  1618. 1598. 1561. 1757. 4069. 2603. 1467. 3517. 2982. 4137. 2284. 2594.
  2823. 1229.  701. 2738. 2206. 3283. 1135. 3826. 3836. 3330.    0.  765.
   680. 4080. 4170. 1268. 1720. 3617. 1360. 3931. 1450.]
 [3808. 4113. 3790. 4156. 3970. 3778. 4160. 4012. 4233. 3679. 3872. 3958.
  4205. 3732. 4059. 3803. 3030. 3289. 3093. 2872. 3494. 4297. 3625. 2671.
  2793. 2425. 2667. 2513. 2631. 2928. 4111. 3772. 3912. 3416. 2892. 3421.
  2794. 2902. 3556. 3580. 3587. 2919. 3403. 3800. 3342. 3427. 2978. 2104.
  1581. 1542. 1538. 1534. 3560. 2990. 1142. 3013. 2332. 3617. 2526. 1959.
  2165.  902.  774. 2220. 2372. 2752.  536. 3289. 3968. 2788.  765.    0.
    98. 4251. 3705.  640. 1019. 3072.  975. 4075. 1052.]
 [3837. 4155. 3820. 4174. 4011. 3812. 4212. 4061. 4290. 3724. 3924. 4014.
  4265. 3785. 4115. 3862. 3056. 3342. 3140. 2894. 3553. 3711. 3687. 2721.
  2847. 2463. 2720. 2569. 2690. 2978. 4180. 3840. 3981. 3483. 2957. 3489.
  2869. 2969. 3625. 3650. 3657. 2987. 3473. 3870. 3412. 3496. 2193. 2190.
  1610. 1573. 1565. 1586. 3629. 2204. 1174. 3082. 2428. 3686. 2624. 2054.
  2262.  934.  772. 2289. 2470. 2820.  620. 3356. 4034. 2854.  680.   98.
     0. 4314. 3760.  667. 1073. 3132.  896. 4136. 1036.]
 [5031. 4373. 4959. 5464. 4396. 4609. 4016. 3976. 4128. 4050. 3835. 4184.
  3781. 3632. 3340. 3779. 4512. 4115. 3749. 4552. 3737. 3122. 3521. 4096.
  3862. 3869. 3899. 3749. 3541. 3832. 2316. 2442. 2377. 2622. 2955. 2502.
  3824. 2725. 2211. 2974. 2948. 2555. 2825. 2493. 2826. 2647. 2967. 3563.
  3863. 3837. 3877. 4256. 2083. 2661. 3744. 2528. 2999. 1756. 2810. 3231.
  3055. 3708. 3909. 2226. 2717. 2305. 4050. 1522.  661. 2084. 4080. 4251.
  4314.    0.  153. 4004. 3675. 1777. 3963.  637. 4169.]
 [5108. 4437. 5035. 5549. 4473. 4690. 4075. 4049. 4204. 4128. 3901. 4267.
  3855. 3699. 3392. 3861. 4599. 4208. 3832. 4640. 3825. 3186. 3605. 4197.
  3961. 3958. 3999. 3851. 3641. 3922. 2379. 2518. 2447. 2708. 3051. 2588.
  3931. 2822. 2293. 2204. 2185. 2652. 2948. 2597. 2952. 2770. 3074. 3671.
  3956. 3930. 3970. 3713. 2205. 2768. 3837. 2670. 3108. 1879. 2919. 3340.
  3164. 3801. 4001. 2335. 2825. 2457. 4157. 1672.  789. 2235. 4170. 3705.
  3760.  153.    0. 4107. 3777. 1907. 4049.  683. 4268.]
