NAME:  instance_02
COMMENT: this is testing the generating format
TYPE: GVRP
DIMENSION:  43
CAPACITY:  100
EDGE_TYPE: DIRECTED
EDGE_WEIGHT_TYPE:  EXPLICIT
EDGE_WEIGHT_FORMAT:  FULL_MATRIX
NODE_COORD_TYPE: TWOD_COORDS
NODE_COORD_SECTION
1 -6.4663 53.4156
2 -6.4413 53.3088
3 -6.4385 53.3939
4 -6.4317 53.2933
5 -6.4144 53.288
6 -6.412 53.3235
7 -6.3995 53.2788
8 -6.3978 53.3557
9 -6.3912 53.403
10 -6.3898 53.2769
11 -6.3757 53.3317
12 -6.3667 53.3091
13 -6.3618 53.286
14 -6.3552 53.3925
15 -6.3525 53.4043
16 -6.3523 53.2972
17 -6.3224 53.4201
18 -6.312 53.3526
19 -6.3064 53.3913
20 -6.2976 53.3613
21 -6.2931 53.2601
22 -6.2891 53.3933
23 -6.2865 53.353
24 -6.2718 53.2662
25 -6.2703 53.302
26 -6.2601 53.3563
27 -6.2554 53.3946
28 -6.2489 53.3368
29 -6.2477 53.379
30 -6.2384 53.3391
31 -6.2085 53.3699
32 -6.2071 53.2736
33 -6.1963 53.2709
34 -6.1946 53.3479
35 -6.1923 53.3759
36 -6.1791 53.2829
37 -6.1529 53.4469
38 -6.144 53.3925
39 -6.1426 53.3747
40 -6.1366 53.2897
41 -6.1284 53.2366
42 -6.1038 53.3886
43 -6.0965 53.3758
DEPOT_SECTION:
0
-1
DEMAND_SECTION
1 1.0
2 1.0
3 1.0
4 1.0
5 1.0
6 1.0
7 1.0
8 1.0
9 1.0
10 1.0
11 1.0
12 1.0
13 1.0
14 1.0
15 1.0
16 1.0
17 1.0
18 1.0
19 1.0
20 1.0
21 1.0
22 1.0
23 1.0
24 1.0
25 1.0
26 1.0
27 1.0
28 1.0
29 1.0
30 1.0
31 1.0
32 1.0
33 1.0
34 1.0
35 1.0
36 1.0
37 1.0
38 1.0
39 1.0
40 1.0
41 1.0
42 1.0
43 1.0
EDGE_WEIGHT_SECTION
[[   0. 2602.  923. 2993. 3169. 2356. 3439. 2451. 1572. 3524. 2408. 2943.
  3471. 2372. 2325. 3295. 2903. 2691. 2374. 2759. 3834. 2605. 2997. 3884.
  3935. 3295. 3076. 3662. 3267. 3765. 3870. 4311. 4447. 4238. 4057. 4450.
  3886. 3973. 4050. 4796. 5538. 4471. 4600.]
 [2602.    0. 2878.  559.  889.  773. 1320. 1813. 2385. 1499. 1534. 1507.
  1782. 2370. 2636. 1840. 3185. 3001. 2782. 2428. 2440. 2994. 2473. 2653.
  2471. 2852. 3385. 2854. 3263. 3015. 3664. 3483. 3651. 3679. 3936. 3833.
  4529. 4028. 3903. 3759. 4117. 4448. 4444.]
 [ 923. 2878.    0. 2430. 2579. 2439. 2834. 1530. 1002. 2909. 2455. 2293.
  2829. 1680. 1769. 2643. 2502. 2909. 2665. 2176. 3849. 3012. 2401. 3907.
  3285. 2724. 2635. 3058. 2770. 3170. 3361. 3761. 3897. 3683. 3570. 3912.
  4302. 4238. 4284. 4274. 4989. 4099. 4204.]
 [2993.  559. 2430.    0.  393. 1096.  815. 2218. 2711. 1012. 1722. 1418.
  1434. 2635. 2911. 1610. 3441. 2242. 2975. 2535. 3018. 3169. 2541. 2398.
  2337. 2903. 3525. 2837. 3363. 2998. 3710. 3275. 3439. 3663. 3984. 3653.
  4648. 4072. 3918. 4258. 3902. 4470. 4444.]
 [3169.  889. 2579.  393.    0. 1201.  433. 2313. 2795.  623. 1671. 1199.
  1065. 2662. 2945. 1293. 3452. 3008. 2939. 2442. 2627. 3117. 2421. 2975.
  2950. 2768. 3445. 2661. 3255. 2821. 3565. 3011. 3174. 3483. 3840. 3397.
  4572. 3948. 3778. 4008. 4311. 4331. 4294.]
 [2356.  773. 2439. 1096. 1201.    0. 1532. 1126. 2720. 1638.  784. 1036.
  1624. 2599. 2984. 1498. 2664. 2246. 2234. 2639. 2298. 2443. 2723. 2450.
  2953. 2327. 2834. 2372. 2719. 2530. 3138. 3191. 3360. 3188. 3408. 3499.
  4060. 4204. 4073. 4054. 3911. 4006. 4012.]
 [3439. 1320. 2834.  815.  433. 1532.    0. 2600. 3000.  206. 1852. 1220.
   800. 2817. 3103. 1139. 3586. 2182. 3028. 2474. 2242. 3188. 2421. 2617.
  2726. 2745. 3481. 2584. 3261. 2741. 3523. 2779. 2938. 3392. 3796. 3182.
  4586. 3906. 3714. 3802. 4044. 4268. 4215.]
 [2451. 1813. 1530. 2218. 2313. 1126. 2600.    0. 1605. 2669.  926. 1696.
  2466. 1512. 1880. 2181. 2655. 1735. 2202. 2031. 2757. 2534. 2248. 2822.
  2249. 2779. 2255. 2193. 2233. 2331. 2747. 3389. 3553. 2933. 2999. 3609.
  4154. 3760. 3703. 4088. 4111. 4307. 3714.]
 [1572. 2385. 1002. 2711. 2795. 2720. 3000. 1605.    0. 3043. 2431. 2293.
  2855.  808.  781. 2614. 1502. 2336. 1755. 2356. 3727. 2084. 2705. 3723.
  2996. 2198. 2752. 2598. 3005. 2687. 2748. 4097. 4248. 3127. 2936. 4212.
  3587. 3566. 3642. 3892. 4696. 4150. 4292.]
 [3524. 1499. 2909. 1012.  623. 1638.  206. 2669. 3043.    0. 1874. 1184.
   644. 2834. 3121. 1022. 3589. 3003. 3011. 2432. 2036. 3162. 2364. 2413.
  2560. 2677. 3438. 2493. 3204. 2649. 3445. 2638. 2796. 3295. 3716. 3044.
  4539. 3835. 4274. 3666. 3897. 4189. 4129.]
 [2408. 1534. 2455. 1722. 1671.  784. 1852.  926. 2431. 1874.    0.  785.
  1570. 2097. 2499. 1258. 2267. 1467. 2453. 1867. 2940. 2718. 1939. 2178.
  2354. 2477. 2303. 2566. 2168. 2783. 2579. 2807. 2974. 2638. 2849. 3070.
  4244. 3645. 3514. 3593. 4242. 4150. 4160.]
 [2943. 1507. 2293. 1418. 1199. 1036. 1220. 1696. 2293. 1184.  785.    0.
   787. 2829. 2306.  496. 2754. 1839. 3034. 2250. 2226. 2319. 2196. 2405.
  1962. 2679. 2613. 2556. 2405. 2782. 2711. 2456. 2625. 2651. 2985. 2779.
  3854. 3787. 3596. 3351. 3858. 4245. 4213.]
 [3471. 1782. 2829. 1434. 1065. 1624.  800. 2466. 2855.  644. 1570.  787.
     0. 2572. 2858.  425. 3285. 2466. 2664. 2857. 1642. 2793. 2728. 1939.
  1926. 2242. 3036. 2855. 2782. 2193. 2997. 2252. 2416. 2836. 3267. 2637.
  4178. 4056. 3816. 3250. 3574. 3800. 3738.]
 [2372. 2370. 1680. 2635. 2662. 2599. 2817. 1512.  808. 2834. 2097. 2829.
  2572.    0.  403. 2300. 1144. 1606.  985. 1569. 3318. 1333. 1924. 3276.
  2503. 2275. 2013. 2854. 2215. 2968. 2181. 3576. 3722. 2551. 2379. 3665.
  3192. 3039. 3090. 4009. 4240. 3619. 3745.]
 [2325. 2636. 1769. 2911. 2945. 2984. 3103. 1880.  781. 3121. 2499. 2306.
  2858.  403.    0. 2585.  808. 1929. 1028. 1827. 3584. 1331. 2186. 3530.
  2738. 2471. 1985. 2209. 2279. 2275. 2233. 3786. 3928. 2649. 2405. 3850.
  3049. 3014. 3104. 4162. 4405. 3599. 3748.]
 [3295. 1840. 2643. 1610. 1293. 1498. 1139. 2181. 2614. 1022. 1258.  496.
   425. 2300. 2585.    0. 2997. 2042. 2365. 2432. 1734. 2491. 2307. 1935.
  1665. 2731. 2734. 2481. 2484. 2701. 2715. 2171. 2338. 2581. 2987. 2522.
  3925. 3781. 3554. 3117. 3547. 4205. 4145.]
 [2903. 3185. 2502. 3441. 3452. 2664. 3586. 2655. 1502. 3589. 2267. 2754.
  3285. 1144.  808. 2997.    0. 2292. 1026. 2050. 3884. 1128. 2381. 3785.
  2947. 2496. 1602. 2272. 2049. 2298. 2855. 3906. 4033. 2534. 3018. 3902.
  2521. 2651. 2810. 4131. 4455. 3235. 3422.]
 [2691. 3001. 2909. 2242. 3008. 2246. 2182. 1735. 2336. 3003. 1467. 1839.
  2466. 1606. 1929. 2042. 2292.    0. 1313.  413. 2249. 1451.  515. 3032.
  1907. 1055. 1822. 1381. 1575. 1554. 2169. 2433. 2583. 2375. 2540. 2549.
  3228. 2603. 2497. 2949. 3853. 3121. 3153.]
 [2374. 2782. 2665. 2975. 2939. 2234. 3028. 2202. 1755. 3011. 2453. 3034.
  2664.  985. 1028. 2365. 1026. 1313.    0. 1030. 3172.  355. 1356. 3060.
  2217. 1507. 1034. 2177. 1255. 2235. 2103. 3180. 3310. 2690. 2359. 3195.
  2583. 2337. 2391. 3464. 3854. 2916. 3044.]
 [2759. 2428. 2176. 2535. 2442. 2639. 2474. 2031. 2356. 2432. 1867. 2250.
  2857. 1569. 1827. 2432. 2050.  413. 1030.    0. 2443. 1095.  359. 2325.
  2079.  775. 1411. 1285. 1171. 1411. 1821. 2486. 2625. 2127. 2181. 2549.
  2933. 2336. 2255. 2893. 3874. 2867. 2917.]
 [3834. 2440. 3849. 3018. 2627. 2298. 2242. 2757. 3727. 2036. 2940. 2226.
  1642. 3318. 3584. 1734. 3884. 2249. 3172. 2443.    0. 3215. 2244.  478.
  1490. 2370. 3291. 2743. 2943. 2890. 2917. 1798. 1991. 2551. 3150. 2430.
  4202. 3851. 3515. 2369. 2445. 4130. 3978.]
 [2605. 2994. 3012. 3169. 3117. 2443. 3188. 2534. 2084. 3162. 2718. 2319.
  2793. 1333. 1331. 2491. 1128. 1451.  355. 1095. 3215.    0. 1363. 3077.
  2220. 1381.  681. 2075.  965. 2098. 1808. 3121. 3242. 2447. 2039. 3100.
  2347. 2925. 3020. 3328. 3772. 2669. 2804.]
 [2997. 2473. 2401. 2541. 2421. 2723. 2421. 2248. 2705. 2364. 1939. 2196.
  2728. 1924. 2186. 2307. 2381.  515. 1356.  359. 2244. 1363.    0. 2950.
  1755.  544. 1540.  936. 1177. 1079. 1674. 2232. 2370. 1863. 2052. 2293.
  2971. 2262. 2994. 2646. 3618. 2767. 2791.]
 [3884. 2653. 3907. 2398. 2975. 2450. 2617. 2822. 3723. 2413. 2178. 2405.
  1939. 3276. 3530. 1935. 3785. 3032. 3060. 2325.  478. 3077. 2950.    0.
  1211. 2181. 3108. 2431. 2744. 2555. 2664. 1332. 1535. 2264. 2885. 1957.
  3985. 3561. 3213. 2846. 2190. 3819. 3658.]
 [3935. 2471. 3285. 2337. 2950. 2953. 2726. 2249. 2996. 2560. 2354. 1962.
  1926. 2503. 2738. 1665. 2947. 1907. 2217. 2079. 1490. 2220. 1755. 1211.
     0. 1847. 2245. 1253. 2643. 1410. 2613. 1598. 1828. 2178. 2953. 1953.
  3884. 2843. 2542. 2733. 2586. 3181. 3073.]
 [3295. 2852. 2724. 2903. 2768. 2327. 2745. 2779. 2198. 2677. 2477. 2679.
  2242. 2275. 2471. 2731. 2496. 1055. 1507.  775. 2370. 1381.  544. 2181.
  1847.    0. 1298.  697.  807.  728. 1138. 2994. 2257. 1352. 1520. 2972.
  2676. 2642. 2451. 2398. 3457. 2381. 2402.]
 [3076. 3385. 2635. 3525. 3445. 2834. 3481. 2255. 2752. 3438. 2303. 2613.
  3036. 2013. 1985. 2734. 1602. 1822. 1034. 1411. 3291.  681. 1540. 3108.
  2245. 1298.    0. 1958.  827. 1907. 1262. 3002. 3104. 1999. 1421. 2911.
  2719. 2247. 2372. 3056. 4230. 2186. 2332.]
 [3662. 2854. 3058. 2837. 2661. 2372. 2584. 2193. 2598. 2493. 2566. 2556.
  2855. 2854. 2209. 2481. 2272. 1381. 2177. 1285. 2743. 2075.  936. 2431.
  1253.  697. 1958.    0. 1427.  226. 1385. 2297. 2468. 1158. 1747. 2304.
  2995. 2833. 2498. 2771. 2978. 2435. 2388.]
 [3267. 3263. 2770. 3363. 3255. 2719. 3261. 2233. 3005. 3204. 2168. 2405.
  2782. 2215. 2279. 2484. 2049. 1575. 1255. 1171. 2943.  965. 1177. 2744.
  2643.  807.  470. 1427.    0. 1362.  848. 2610. 2712. 1501. 1122. 2521.
  2986. 2140. 2125. 2685. 3843. 2920. 2178.]
 [3765. 3015. 3170. 2998. 2821. 2530. 2741. 2331. 2687. 2649. 2783. 2782.
  2193. 2968. 2275. 2701. 2298. 1554. 2235. 1411. 2890. 2098. 1079. 2555.
  1410.  728. 1907.  226. 1362.    0. 1203. 2303. 2458.  933. 1553. 2246.
  2878. 2624. 2277. 2649. 2939. 2277. 2227.]
 [3870. 3664. 3361. 3710. 3565. 3138. 3523. 2747. 2748. 3445. 2579. 2711.
  2997. 2181. 2233. 2715. 2855. 2169. 2103. 1821. 2917. 1808. 1674. 2664.
  2613. 1138. 1262. 1385.  848. 1203.    0. 2324. 2396.  795.  385. 3001.
  2834. 1509. 1339. 2195. 3418. 2204. 2268.]
 [4311. 3483. 3761. 3275. 3011. 3191. 2779. 3389. 4097. 2638. 2807. 2456.
  2252. 3576. 3786. 2171. 3906. 2433. 3180. 2486. 1798. 3121. 2232. 1332.
  1598. 2994. 3002. 2297. 2610. 2303. 2324.    0.  356. 2525. 2478.  974.
  4254. 3010. 2611. 2295. 2024. 3149. 2937.]
 [4447. 3651. 3897. 3439. 3174. 3360. 2938. 3553. 4248. 2796. 2974. 2625.
  2416. 3722. 3928. 2338. 4033. 2583. 3310. 2625. 1991. 3242. 2370. 1535.
  1828. 2257. 3104. 2468. 2712. 2458. 2396.  202.    0. 2603. 2535.  804.
  4293. 3030. 2622. 2052. 1797. 3138. 2912.]
 [4238. 3679. 3683. 3663. 3483. 3188. 3392. 2933. 3127. 3295. 2638. 2651.
  2836. 2551. 2649. 2581. 2534. 2375. 2690. 2127. 2551. 2447. 1863. 2264.
  2178. 1352. 1999. 1158. 1501.  933.  795. 2525. 2603.    0.  948. 2220.
  2463. 1821. 1386. 2290. 2851. 2291. 2192.]
 [4057. 3936. 3570. 3984. 3840. 3408. 3796. 2999. 2936. 3716. 2849. 2985.
  3267. 2379. 2405. 2987. 3018. 2540. 2359. 2181. 3150. 2039. 2052. 2885.
  2953. 1520. 1421. 1747. 1122. 1553.  385. 2478. 2535.  948.    0. 2252.
  2528. 1124. 1003. 2230. 3486. 1836. 1932.]
 [4450. 3833. 3912. 3653. 3397. 3499. 3182. 3609. 4212. 3044. 3070. 2779.
  2637. 3665. 3850. 2522. 3902. 2549. 3195. 2549. 2430. 3100. 2293. 1957.
  1953. 2972. 2911. 2304. 2521. 2246. 3001.  553.  457. 2220. 2252.    0.
  3976. 2693. 2277. 1338. 1871. 2772. 2538.]
 [3886. 4529. 4302. 4648. 4572. 4060. 4586. 4154. 3587. 4539. 4244. 3854.
  4178. 3192. 3049. 3925. 2521. 3228. 2583. 2933. 4202. 2347. 2971. 3985.
  3884. 2676. 2719. 2995. 2986. 2878. 2834. 4254. 4293. 2463. 2528. 3976.
     0. 1848. 2450. 3801. 4327. 2205. 2659.]
 [3973. 4028. 4238. 4072. 3948. 4204. 3906. 3760. 3566. 3835. 3645. 3787.
  4056. 3039. 3014. 3781. 2651. 2603. 2337. 2336. 3851. 2925. 2262. 3561.
  2843. 2642. 2247. 2833. 2140. 2624. 1509. 3010. 3030. 1821. 1124. 2693.
  1848.    0.  602. 2483. 3769.  821. 1112.]
 [4050. 3903. 4284. 3918. 3778. 4073. 3714. 3703. 3642. 4274. 3514. 3596.
  3816. 3090. 3104. 3554. 2810. 2497. 2391. 2255. 3515. 3020. 2994. 3213.
  2542. 2451. 2372. 2498. 2125. 2277. 1339. 2611. 2622. 1386. 1003. 2277.
  2450.  602.    0. 2876. 3339.  913.  931.]
 [4796. 3759. 4274. 4258. 4008. 4054. 3802. 4088. 3892. 3666. 3593. 3351.
  3250. 4009. 4162. 3117. 4131. 2949. 3464. 2893. 2369. 3328. 2646. 2846.
  2733. 2398. 3056. 2771. 2685. 2649. 2195. 1304. 1166. 2290. 2230.  760.
  3801. 2483. 2876.    0. 1803. 2433. 3021.]
 [5538. 4117. 4989. 3902. 4311. 3911. 4044. 4111. 4696. 3897. 4242. 3858.
  3574. 4240. 4405. 3547. 4455. 3853. 3854. 3874. 2445. 3772. 3618. 2190.
  2586. 3457. 4230. 2978. 3843. 2939. 3418. 2024. 1797. 2851. 3486. 1871.
  4327. 3769. 3339. 1803.    0. 3685. 3391.]
 [4471. 4448. 4099. 4470. 4331. 4006. 4268. 4307. 4150. 4189. 4150. 4245.
  3800. 3619. 3599. 4205. 3235. 3121. 2916. 2867. 4130. 2669. 2767. 3819.
  3181. 2381. 2186. 2435. 2920. 2277. 2204. 3149. 3138. 2291. 1836. 2772.
  2205.  821.  913. 2433. 3685.    0.  457.]
 [4600. 4444. 4204. 4444. 4294. 4012. 4215. 3714. 4292. 4129. 4160. 4213.
  3738. 3745. 3748. 4145. 3422. 3153. 3044. 2917. 3978. 2804. 2791. 3658.
  3073. 2402. 2332. 2388. 2178. 2227. 2268. 2937. 2912. 2192. 1932. 2538.
  2659. 1112.  931. 3021. 3391.  457.    0.]]
EOF
