NAME:  DC_ce_l_wdo_n20
COMMENT: Generated by Finucane, Fulcher, O'Sullivan, and Seth (2021)
TYPE:  GVRP
DIMENSION:  20
CAPACITY:  100
EDGE_TYPE:  DIRECTED
EDGE_WEIGHT_TYPE:  EXPLICIT
EDGE_WEIGHT_FORMAT:  SPARSE_MATRIX
NODE_COORD_TYPE:  TWOD_COORDS
NODE_COORD_SECTION
0 -6.3198 53.3394
1 -6.3153 53.3288
2 -6.3124 53.3251
3 -6.3098 53.3395
4 -6.2907 53.3595
5 -6.2847 53.3636
6 -6.2807 53.3631
7 -6.2746 53.341
8 -6.2676 53.3453
9 -6.266 53.3633
10 -6.2655 53.3536
11 -6.2601 53.3632
12 -6.2592 53.332
13 -6.2543 53.3618
14 -6.241 53.3307
15 -6.2381 53.3262
16 -6.2381 53.3614
17 -6.237 53.3534
18 -6.2269 53.3279
19 -6.2199 53.3345
DEPOT_SECTION:
0
-1
DEMAND_SECTION
0 3
1 3
2 2
3 1
4 2
5 2
6 3
7 3
8 2
9 2
10 2
11 3
12 3
13 3
14 2
15 2
16 2
17 3
18 1
19 3
EDGE_WEIGHT_SECTION
[[   0. 3994. 3261. 2316.  785. 2377. 3836. 4092. 2875. 1894. 3912. 4324.
  3434. 3575.  606. 3781. 3135. 3938.  705. 2662.]
 [1376.    0.  792.  578. 1179.  754.  985.  124.  399.    0. 1251. 1121.
     0.  409. 1376. 1206.  807.  294.    0. 1011.]
 [1130.  476.    0.  543.  977.  761. 1234.  573.  351.  997. 1406. 1371.
   123.    0. 1059. 1362.  364.  629. 1125.  559.]
 [ 791.  578.  543.    0.  606.  221.  756.  638.  256.  428.  863.  892.
   503.  553.  815.  819.  642.  558.  699.  832.]
 [ 277. 1179.  977.  606.    0.  600. 1101. 1212.  792.  435. 1125.    0.
   986. 1035.  415. 1081.  934.    0.  132. 1013.]
 [ 809.  754.  761.  221.  600.    0.  609.  670.  449.  427.  706.  812.
   721.  770.  893.  663.    0.  591.  675.    0.]
 [1315.  985. 1234.  756. 1101.  609.    0.  891.  922.  907.  569.  184.
  1194. 1243. 1396.  468.    0.  811. 1115.    0.]
 [1406.  124.  573.  638. 1212.  670.  891.    0.  433. 1059. 1196. 1027.
     0.  355. 1410. 1151.  838.  205.    0. 1040.]
 [ 988.  399.  351.  256.  792.  449.  922.  433.    0.    0. 1108. 1059.
   311.  360. 1022. 1064.  508.  519.    0.  711.]
 [ 656.    0.  997.  428.  435.  427.  907. 1059.    0.    0.  913.    0.
     0.    0.  729.  869.  960.  980.  458. 1149.]
 [1334. 1251. 1406.  863. 1125.  706.  569. 1196. 1108.  913.    0.    0.
  1367. 1416. 1418.  239.    0. 1117. 1143.    0.]
 [1485. 1121. 1371.  892.    0.  812.  184. 1027. 1059.    0.    0.    0.
  1331. 1380.    0.    0.    0.  947.    0.    0.]
 [1186.    0.  203.  503.  986.  721. 1194.    0.  311.    0. 1367. 1331.
     0.  120. 1148. 1323.  469.    0.    0.  663.]
 [1235.  242.    0.  553. 1035.  770. 1243.  355.  360.    0. 1416. 1380.
   120.    0. 1198. 1372.    0.  473.    0.    0.]
 [ 210. 1376. 1059.  815.  415.  893. 1396. 1410. 1022.  729. 1418.    0.
  1148. 1198.    0. 1374.  832.    0.    0.  763.]
 [1290. 1206. 1362.  819. 1081.  663.  468. 1151. 1064.  869.  239.    0.
  1323. 1372. 1374.    0.    0. 1072. 1099.    0.]
 [1088.  807.  364.  642.  934.    0.    0.  838.  508.  960.    0.    0.
   469.    0.  832.    0.    0.  924. 1082.  296.]
 [1347.  294.  629.  558.    0.  591.  811.  205.  519.  980. 1117.  947.
     0.  473.    0. 1072.  924.    0. 1249. 1126.]
 [ 245.    0. 1125.  699.  132.  675. 1115.    0.    0.  458. 1143.    0.
     0.    0.    0. 1099. 1082. 1249.    0. 1153.]
 [ 901. 1011.  559.  832. 1013.    0.    0. 1040.  711. 1149.    0.    0.
   663.    0.  763.    0.  296. 1126. 1153.    0.]]
EOF
