NAME:  DC_ce_l_wdo_n50
COMMENT: Generated by Finucane, Fulcher, O'Sullivan, and Seth (2021)TYPE:  GVRP
DIMENSION:  50
CAPACITY:  100
EDGE_TYPE:  DIRECTED
EDGE_WEIGHT_TYPE:  EXPLICIT
EDGE_WEIGHT_FORMAT:  SPARSE_MATRIX
NODE_COORD_TYPE:  TWOD_COORDS
NODE_COORD_SECTION
0 -6.3121 53.3301
1 -6.3103 53.3344
2 -6.3048 53.3262
3 -6.3029 53.3396
4 -6.3 53.3348
5 -6.2953 53.3643
6 -6.2917 53.3429
7 -6.2907 53.3595
8 -6.2899 53.3433
9 -6.2895 53.3394
10 -6.289 53.3542
11 -6.289 53.3605
12 -6.2883 53.3287
13 -6.2811 53.3439
14 -6.2803 53.3406
15 -6.2795 53.3387
16 -6.2795 53.3633
17 -6.2758 53.3507
18 -6.2731 53.3568
19 -6.272 53.3359
20 -6.2716 53.3543
21 -6.2715 53.3469
22 -6.27 53.3303
23 -6.27 53.3462
24 -6.2692 53.3645
25 -6.2688 53.3578
26 -6.266 53.3286
27 -6.2654 53.3415
28 -6.2651 53.3257
29 -6.2642 53.3487
30 -6.2568 53.3263
31 -6.2562 53.3617
32 -6.2517 53.355
33 -6.2463 53.3275
34 -6.2421 53.3334
35 -6.242 53.3596
36 -6.2416 53.352
37 -6.2415 53.3411
38 -6.2402 53.3569
39 -6.2364 53.3503
40 -6.235 53.3565
41 -6.233 53.3639
42 -6.2317 53.35
43 -6.2266 53.3443
44 -6.2262 53.3416
45 -6.2256 53.3275
46 -6.2231 53.3269
47 -6.2225 53.3379
48 -6.2132 53.341
49 -6.213 53.3252
DEPOT_SECTION:
0
-1
DEMAND_SECTION
0 3
1 2
2 2
3 1
4 3
5 2
6 3
7 1
8 3
9 1
10 1
11 2
12 2
13 2
14 1
15 1
16 1
17 2
18 3
19 2
20 3
21 1
22 3
23 2
24 1
25 2
26 1
27 2
28 2
29 2
30 3
31 2
32 2
33 3
34 3
35 3
36 1
37 2
38 3
39 2
40 1
41 3
42 3
43 2
44 1
45 1
46 2
47 3
48 2
49 3
EDGE_WEIGHT_SECTION
[[   0. 2176. 2150.  967.  795. 1470.  912.  983. 1700.  952. 1460. 1298.
  1752.  387. 1726. 1596. 1333. 1588. 1577. 1415. 1671.  640. 1323. 1042.
   320. 1027. 1276. 1426.  693.  682.  613. 1577. 2076. 1168.  961.  934.
   903. 1146. 1472. 1763. 1801.  927. 1730.  690. 1691.  976.  720. 1231.
  1182. 1373.]
 [1662.    0.  299.    0.    0.  887.    0.    0.    0.    0.    0.    0.
   396.    0.    0.    0.  691.    0.    0.    0.    0.    0.  984.    0.
     0.    0.    0.    0.    0.    0.    0.    0.    0.    0.    0.    0.
     0.    0.    0.    0.  472.    0.    0.    0.    0.    0.    0.    0.
     0. 1092.]
 [1646.  299.    0.    0.    0.  901.    0.    0.    0.    0.    0.    0.
   388.    0.    0.    0.  704.    0.    0.    0.    0.    0.    0.    0.
     0.    0.    0.    0.    0.    0.    0.    0.  168.    0.    0.    0.
     0.    0.    0.    0.  478.    0.    0.    0.    0.    0.    0.    0.
     0.    0.]
 [ 741.    0.    0.    0.    0.    0.    0.    0.    0.    0.  595.  220.
     0.    0.    0.  679.    0.    0.    0.  355.    0.    0.    0.    0.
     0.    0.    0.    0.    0.    0.    0.  468.    0.    0.    0.    0.
     0.    0.    0.    0.    0.   86.  586.    0.    0.    0.    0.    0.
     0.    0.]
 [ 608.    0.    0.    0.    0. 1002.  679.  133.  687.  221.  510.    0.
   958.  475.  892.  614.    0.  597.  590.  430.  849.  562.  890.  557.
   411.  191.  710.    0.  739.  276.  509.  605. 1047.  309.  206.  458.
   402.  469.  701.  734.    0.  231.  692.  565.  678.  546.  307.  679.
   739.  886.]
 [1127.  887.  901.    0. 1002.    0.  521. 1021.    0.  885. 1320.    0.
   525.  973.  877.    0.  313.    0.    0.    0.  837.  923.  289.  712.
  1054.    0.    0.    0.  779.  840.  761.    0.  884. 1028. 1048.  825.
   758.  809.  614.    0.  630.    0.    0.  745. 1221.  766. 1067.  660.
   409.  436.]
 [ 701.    0.    0.    0.  679.  521.    0.  776.    0.  585. 1057.    0.
   802.  540.  824.    0.    0.    0.    0.    0.  783.  487.  518.  522.
   590.    0.  438.  999.  299.  506.  322.    0.    0.  765.  760.  482.
   470.  625.  638.    0.    0.    0.    0.  377.    0.  302.  603.  360.
   315.  451.]
 [ 751.    0.    0.    0.  232. 1021.  776.    0.  562.  415.  355.  426.
     0.    0.  891.  500.    0.  429.  421.  404.  848.    0.  909.  570.
     0.  255.  745.  463.  831.  374.  605.  752.  857.  196.  197.  826.
   571.  344.  602.  607.  836.    0.  571.  717.  822.  622.    0.  711.
   813. 1005.]
 [1300.    0.    0.    0.  687.    0.    0.  562.    0.  659.  675.  991.
     0.    0.  392.  898.    0.  433.  425.  844.  349.    0.    0.  641.
  1089.    0.    0.  508. 1035.  744.  831.  958.  367.  632.  650.  909.
   660.  435.  422.  287.  325.    0. 1030.  828.  433.    0.  984.    0.
     0.    0.]
 [ 729.    0.    0.    0.  221.  885.  585.  235.  659.    0.  642.    0.
   852.  596.  795.    0.    0.  599.  591.    0.  752.  618.  773.  400.
   532.    0.  600.  507.  671.  233.  443.    0.  938.  278.  317.  424.
   268.  248.  636.    0.    0.    0.    0.  346.  678.  506.  427.  567.
   646.  870.]
 [1118.    0.    0.  595.  510. 1320. 1057.  355.  675.  642.    0.  424.
     0.    0.  994.  310.    0.  398.  391.  308.  951.    0. 1208.  757.
     0.  429. 1128.  317. 1242.    0.  974.  422.  977.  435.    0.  956.
   722.  572.  907.  664.  950.    0.  507.  880.  510. 1022.    0. 1111.
  1111. 1304.]
 [ 996.    0.    0.  370.    0.    0.    0.  426.  991.    0.  424.    0.
     0.    0.    0.  499.    0.  711.  703.  301.    0.    0.    0.    0.
     0.  306.    0.  607.    0.    0.    0.  535. 1297.    0.  454.    0.
     0.    0.    0.  978. 1266.    0.  709.    0.  823.    0.    0.    0.
     0.    0.]
 [1337.  396.  388.    0.  958.  525.  802.    0.    0.  852.    0.    0.
     0. 1191.    0.    0.  329.    0.    0.    0.  203. 1123.  623.  726.
  1269.    0.    0.    0.  987.  929.  902.    0.  579.    0.    0.  987.
   845.    0.    0.    0.  277.    0.    0.  904.    0.  697. 1172.  464.
   687.  732.]
 [ 177.    0.    0.    0.  475.  973.  540.    0.    0.  596.    0.    0.
  1191.    0. 1169.    0.    0. 1082. 1073.    0. 1127.  173.  861.  663.
   125.    0.  826.  958.  379.  393.  319. 1022.    0.  761.    0.  327.
   501.  745.  974. 1219.    0.  575. 1139.  378. 1161.  597.  229.  790.
   753.  900.]
 [1320.    0.    0.    0.  892.  877.  824.  891.  392.  795.  994.    0.
     0. 1169.    0. 1217.    0.  752.  744. 1164.  108. 1110.  765.  688.
  1228.    0.  472.  781. 1016.  930.  876. 1277.    0.  893.  910.  956.
   841.  673.  293.    0.    0.    0. 1349.  921.  685.  717. 1123.  461.
   752.  861.]
 [1220.    0.    0.  679.  614.    0.    0.  500.  898.    0.  310.  499.
     0.    0. 1217.    0.    0.  621.  614.  334. 1174.    0.    0.    0.
     0.  565.    0.  564.    0.    0.    0.  311. 1199.  687.    0.    0.
     0.    0. 1122.  887. 1173.    0.  298.    0.  734.    0.    0.    0.
     0.    0.]
 [1020.  691.  704.    0.    0.  313.    0.    0.    0.    0.    0.    0.
   329.    0.    0.    0.    0.    0.    0.    0.    0.    0.  416.    0.
     0.    0.   77.    0.    0.    0.    0.    0.  685.    0.    0.    0.
     0.    0.    0.    0.  437.    0.    0.    0.    0.    0.    0.    0.
     0.  783.]
 [1215.    0.    0.    0.  597.    0.    0.  429.  433.  599.  398.  711.
     0. 1082.  752.  621.    0.    0.   54.  566.  710.    0.    0.    0.
  1018.  553.    0.  221.    0.    0.    0.  680.  743.  394.    0.    0.
     0.  342.  600.  454.  708.    0.  753.    0.  285.    0.  914.    0.
     0.    0.]
 [1206.    0.    0.    0.  590.    0.    0.  421.  425.  591.  391.  703.
     0. 1073.  744.  614.    0.  168.    0.  558.  702.    0.    0.    0.
  1010.  546.    0.  207.    0.    0.    0.  673.  735.  386.    0.    0.
     0.  334.  591.  435.  700.    0.  746.    0.  400.    0.  906.    0.
     0.    0.]
 [1085.    0.    0.  355.  430.    0.    0.  404.  844.    0.  308.  177.
     0.    0. 1164.  334.    0.  566.  558.    0. 1121.    0.    0.    0.
     0.  282.    0.  460.    0.    0.    0.  213. 1149.    0.  432.    0.
     0.    0. 1083.  833. 1119.    0.  302.    0.  678.    0.    0.    0.
     0.    0.]
 [1278.    0.    0.    0.  849.  837.  783.  848.  349.  752.  951.    0.
   203. 1127.  108. 1174.    0.  710.  702. 1121.    0. 1068.  724.  645.
  1186.    0.  430.  738.  975.  836.  835. 1234.    0.  850.  868.  914.
   751.  630.  352.    0.  157.    0. 1306.  879.  643.  676. 1080.  419.
   712.  821.]
 [ 282.    0.    0.    0.  562.  923.  487.    0.    0.  618.    0.    0.
  1123.  173. 1110.    0.    0.    0.    0.    0. 1068.    0.  811.    0.
   233.    0.  766.  995.  212.  444.  227.    0.    0.  798.    0.  270.
   539.    0.  920.    0.    0.  663.    0.  317.    0.  538.  310.  736.
   699.  843.]
 [1014.  984.    0.    0.  890.  175.  518.  909.    0.  773. 1208.    0.
   623.  861.  765.    0.  416.    0.    0.    0.  724.  811.    0.  599.
   942.    0.  334.    0.  675.  728.  649.    0.    0.  915.  935.  713.
   646.  697.  514.    0.  727.    0.    0.  632. 1108.  403.  954.  309.
   330.  405.]
 [ 798.    0.    0.    0.  333.  712.  522.  320.  641.  237.  757.    0.
   726.  663.  688.    0.    0.    0.    0.    0.  645.    0.  599.    0.
   603.    0.  469.  595.  643.  263.  375.    0.  930.  377.  436.    0.
   172.  271.  527.  721.    0.    0.    0.  285.    0.  354.  477.  489.
   587.  696.]
 [ 247.    0.    0.    0.  411. 1054.  590.    0. 1089.  532.    0.    0.
  1269.  211. 1228.    0.    0. 1018. 1010.    0. 1186.  405.  942.  603.
     0.    0.  906.  894.  459.  328.  398.  958. 1371.  697.    0.  356.
   436.  681. 1035. 1154.    0.  512. 1075.  407. 1097.  676.  217.  871.
   833.  980.]
 [ 784.    0.    0.    0.  191.    0.    0.  143.    0.    0.  429.  306.
     0.    0.    0.  565.    0.  553.  546.  282.    0.    0.    0.    0.
     0.    0.    0.  506.    0.    0.    0.  454.    0.    0.  199.    0.
     0.    0.    0.    0.    0.    0.  540.    0.    0.    0.    0.    0.
     0.    0.]
 [ 976.    0.    0.    0.  710.    0.  438.  745.    0.  600. 1128.    0.
     0.  826.  472.    0.   41.    0.    0.    0.  430.  766.  334.  469.
   906.    0.    0.    0.  629.  672.  603.    0.    0.  745.  763.  658.
   634.  527.  412.    0.    0.    0.    0.  610.    0.  330.  918.  200.
   322.  419.]
 [1091.    0.    0.    0.    0.    0.  999.  263.  508.  507.  317.  607.
     0.  958.  781.  564.    0.  221.  207.  460.  738.  995.    0.  595.
   894.  506.    0.    0. 1045.  635.  823.  573.  771.  296.    0.  840.
   601.  331.  625.  480.  736.    0.  645.  729.  310.  859.  790.    0.
     0.    0.]
 [ 530.    0.    0.    0.  739.  779.  299.  831. 1035.  671. 1242.    0.
   987.  379. 1016.    0.    0.    0.    0.    0.  975.  356.  675.  643.
   459.    0.  629. 1045.    0.  496.  328.    0. 1332.  847.  817.  474.
   592.  746.  831. 1169.    0.    0.    0.  541.    0.  468.  471.  531.
   556.  706.]
 [ 521.    0.    0.    0.  276.  840.  506.  374.  744.  233.    0.    0.
   929.  393.  930.    0.    0.    0.    0.    0.  836.  444.  728.  263.
   328.    0.  672.  635.  496.    0.  268.    0. 1019.  390.  357.  325.
   227.  364.  729.    0.    0.  378.    0.  236.    0.  427.  223.  633.
   619.  766.]
 [ 469.    0.    0.    0.  509.  761.  322.  605.  831.  443.  974.    0.
   902.  319.  876.    0.    0.    0.    0.    0.  835.  384.  649.  375.
   398.    0.  603.  823.  328.  268.    0.    0. 1123.  595.  590.  321.
   465.  491.  687.  907.    0.    0.    0.  222.    0.  331.  411.  573.
   537.  680.]
 [1209.    0.    0.  468.  605.    0.    0.  427.  958.    0.  422.  313.
     0. 1022. 1277.  311.    0.  680.  673.  213. 1234.    0.    0.    0.
   958.  454.    0.  573.    0.    0.    0.    0. 1261.    0.  608.    0.
     0.    0. 1188.  947. 1233.    0.  214.    0.  793.    0.  853.    0.
     0.    0.]
 [1590.    0.   22.    0. 1047.  884.    0.  857.  367.  938.  977. 1297.
   327.    0.    0. 1199.  685.  743.  735. 1149.    0.    0.    0.  930.
  1371.    0.    0.  771. 1332. 1019. 1123. 1261.    0.  948.  949. 1198.
   935.  736.  535.  428.  300.    0. 1330. 1118.  699.    0. 1265.    0.
     0.    0.]
 [ 893.    0.    0.    0.  309. 1028.  765.  107.  632.  278.  435.    0.
     0.  761.  893.  687.    0.  394.  386.    0.  850.  798.  915.  377.
   697.    0.  745.  296.  847.  390.  595.    0.  948.    0.    0.  631.
   392.  236.  719.  633.  903.    0.    0.  553.  515.  623.  593.  712.
   815. 1012.]
 [ 734.    0.    0.    0.  119. 1048.  760.   57.  650.  317.    0.  454.
     0.    0.  910.    0.    0.    0.    0.  432.  868.    0.  935.  436.
     0.  199.  763.    0.  817.  357.  590.  608.  949.    0.    0.  539.
   370.  318.  716.  696.    0.    0.  696.  465.    0.  632.    0.  798.
   825. 1032.]
 [ 409.    0.    0.    0.  458.  825.  482.  476.  909.  424.  956.    0.
   987.  327.  956.    0.    0.    0.    0.    0.  914.  270.  713.    0.
   356.    0.  658.  840.  283.  187.  186.    0. 1198.  631.  539.    0.
   344.    0.  762.    0.    0.    0.    0.   95.    0.  412.  368.  652.
   604.  751.]
 [ 692.    0.    0.    0.  242.  758.  470.  336.  660.  161.  722.    0.
   845.  501.  841.    0.    0.    0.    0.    0.  751.  539.  646.  172.
   436.    0.  634.  601.  592.  133.  274.    0.  935.  392.  370.  344.
     0.  276.  641.    0.    0.    0.    0.  227.    0.  348.  331.  594.
   538.  686.]
 [ 877.    0.    0.    0.  278.  809.  625.  192.  435.  248.  572.    0.
     0.  745.  673.    0.    0.  342.  334.    0.  630.    0.  697.  271.
   681.    0.  527.  331.  746.  364.  491.    0.  736.  236.  318.    0.
   276.    0.  504.  481.    0.    0.    0.  398.  423.  493.  576.  493.
   684.  794.]
 [1127.    0.    0.    0.  701.  614.  638.  602.  255.  636.  907.    0.
     0.  974.  293. 1122.    0.  600.  591. 1083.  201.  920.  514.  527.
  1035.    0.  235.  625.  831.  729.  687. 1188.  535.  719.  716.  762.
   641.  504.    0.  451.  313.    0. 1252.  727.  592.  533.  929.  267.
   503.  600.]
 [1347.    0.    0.    0.  734.    0.    0.  607.  166.    0.  664.  978.
     0. 1219.    0.  887.    0.  454.  435.  833.    0.    0.    0.  721.
  1154.    0.    0.  480. 1169.    0.  907.  947.  428.  633.  696.    0.
     0.  481.  451.    0.    0.    0. 1019.    0.  353.  895. 1049.    0.
     0.    0.]
 [1376.  265.  270.    0.    0.  630.    0.  836.  325.    0.  950. 1266.
    76.    0.    0. 1173.  437.  708.  700. 1119.   85.    0.  727.    0.
     0.    0.    0.  736.    0.    0.    0. 1233.  300.  903.    0.    0.
     0.    0.  313.    0.    0.    0. 1305.    0.  641.    0.    0.    0.
     0.    0.]
 [ 710.    0.    0.   11.  139.    0.    0.    0.    0.    0.    0.    0.
     0.  575.    0.    0.    0.    0.    0.    0.    0.  663.    0.    0.
   512.    0.    0.    0.    0.  378.    0.    0.    0.    0.    0.    0.
     0.    0.    0.    0.    0.    0.    0.    0.    0.    0.  409.    0.
     0.    0.]
 [1327.    0.    0.  586.  692.    0.    0.  571. 1030.    0.  507.  415.
     0. 1139. 1349.  165.    0.  753.  746.  302. 1306.    0.    0.    0.
  1075.  540.    0.  645.    0.    0.    0.  214. 1330.    0.  696.    0.
     0.    0. 1252. 1019. 1305.    0.    0.    0.  866.    0.  970.    0.
     0.    0.]
 [ 527.    0.    0.    0.  330.  745.  377.  412.  828.  346.  880.    0.
   904.  378.  921.    0.    0.    0.    0.    0.  879.  317.  632.  285.
   407.    0.  610.  729.  318.  138.  133.    0. 1118.  553.  465.   95.
   227.  398.  727.    0.    0.    0.    0.    0.    0.  330.    0.  572.
   523.  669.]
 [1293.    0.    0.    0.  678. 1221.    0.  473.  433.  678.  510.  823.
     0. 1161.  685.  734.    0.  285.  227.  678.  643.    0. 1108.    0.
  1097.    0.    0.  310.    0.    0.    0.  793.  699.  515.    0.    0.
     0.  423.  592.  353.  641.    0.  866.    0.    0.    0.  993.    0.
  1096. 1205.]
 [ 747.    0.    0.    0.  546.  465.  302.  622.    0.  506. 1022.    0.
   697.  597.  717.    0.    0.    0.    0.    0.  676.  538.  403.  354.
   676.    0.  330.  859.  468.  427.  331.    0.    0.  623.  632.  412.
   348.  493.  533.  895.    0.    0.    0.  330.    0.    0.  638.  333.
   260.  402.]
 [ 327.    0.    0.    0.  307. 1067.  603.    0.  984.  427.    0.    0.
  1172.  229. 1123.    0.    0.  914.  906.    0. 1080.  310.  954.  477.
   121.    0.  918.  790.  471.  223.  411.  853. 1265.  593.    0.  368.
   331.  576.  929. 1049.    0.  409.  970.    0.  993.  638.    0.  883.
   846.  992.]
 [ 943.    0.    0.    0.  679.  389.  360.  711.    0.  567. 1111.    0.
   464.  790.  461.    0.    0.    0.    0.    0.  419.  736.  309.  489.
   871.    0.   55.    0.  531.  633.  573.    0.    0.  712.  798.  652.
   594.  493.  267.    0.    0.    0.    0.  572.    0.  333.  883.    0.
   299.  396.]
 [ 905.    0.    0.    0.  739.  249.  315.  813.    0.  646. 1111.    0.
   687.  753.  752.    0.    0.    0.    0.    0.  712.  699.  202.  587.
   833.    0.  322.    0.  556.  619.  537.    0.    0.  815.  825.  604.
   538.  684.  503.    0.    0.    0.    0.  523. 1096.  260.  846.  299.
     0.  244.]
 [1052. 1092.    0.    0.  886.  257.  451. 1005.    0.  870. 1304.    0.
   732.  900.  861.    0.  453.    0.    0.    0.  821.  843.  237.  696.
   980.    0.  419.    0.  706.  766.  680.    0.    0. 1012. 1032.  751.
   686.  794.  600.    0.    0.    0.    0.  669. 1205.  402.  992.  396.
   244.    0.]]
EOF
