NAME:  DC_co_l_wdo_n20
COMMENT: Generated by Finucane, Fulcher, O'Sullivan, and Seth (2021)TYPE:  GVRP
DIMENSION:  20
CAPACITY:  100
EDGE_TYPE:  DIRECTED
EDGE_WEIGHT_TYPE:  EXPLICIT
EDGE_WEIGHT_FORMAT:  SPARSE_MATRIX
NODE_COORD_TYPE:  TWOD_COORDS
NODE_COORD_SECTION
0 -6.315 53.33
1 -6.3146 53.3396
2 -6.3125 53.3306
3 -6.2904 53.3637
4 -6.287 53.3637
5 -6.2849 53.3497
6 -6.2785 53.3588
7 -6.2654 53.3415
8 -6.2642 53.3601
9 -6.2615 53.3287
10 -6.2612 53.3648
11 -6.2611 53.3519
12 -6.2607 53.3584
13 -6.2579 53.3634
14 -6.2571 53.3277
15 -6.2498 53.3543
16 -6.2481 53.3461
17 -6.2276 53.3468
18 -6.2243 53.3264
19 -6.2183 53.3638
DEPOT_SECTION:
0
-1
DEMAND_SECTION
0 3
1 2
2 2
3 3
4 2
5 3
6 2
7 2
8 3
9 3
10 2
11 3
12 3
13 2
14 2
15 3
16 1
17 2
18 1
19 3
EDGE_WEIGHT_SECTION
[[   0.  775. 1357. 1845. 1189. 1545. 1818. 1647. 1740.  850. 1750. 1513.
  1461. 1559.  793. 1081. 1624.  884.  979. 1770.]
 [ 604.    0.  536. 1280.  374.  621.    0.  719. 1328.  812.    0.  830.
     0.  653.  798.  481.    0.  295.  568. 1352.]
 [1065.  536.    0. 1131.  218.  741.    0.  334. 1131.  809.    0.  468.
   241.  234.    0.  269.    0.  528.  458. 1154.]
 [1446. 1280. 1131.    0.    0. 1706. 1011. 1312.  447.  884.  962.  610.
  1144. 1243.  824.  973.  936. 1091.  868.  686.]
 [ 934.  374.  218.    0.    0.  669.    0.  420.    0.  800.    0.    0.
     0.  351.  790.  246.    0.  364.  452.    0.]
 [1207.  621.  741. 1706.  669.    0.    0.    0. 1724. 1437.    0. 1106.
   810.  672. 1427.    0.    0.  879. 1085. 1746.]
 [1423.    0.    0. 1011.    0.    0.    0.  588. 1210. 1127.  106.  389.
   404.    0. 1071.  577.  387.    0.  809. 1229.]
 [1294.  719.  201. 1312.  420.    0.  588.    0. 1302.    0.  513.  645.
   250.  173.    0.  411.  474.    0.  682. 1324.]
 [1361. 1328. 1131.  447.    0. 1724. 1210. 1302.    0.  811. 1161.  812.
  1142. 1235.  749. 1112. 1138. 1200.  790.  100.]
 [ 668.  812.  809.  884.  800. 1437. 1127.    0.  811.    0. 1079.  809.
     0.    0.   71.  632. 1028.  579.  370.  835.]
 [1369.    0.    0.  962.    0.    0.   61.  513. 1161. 1079.    0.  378.
   350.  538. 1023.  524.  299.    0.  761. 1180.]
 [1185.  830.  468.  610.    0. 1106.  389.  645.  812.  809.  378.    0.
   480.  576.  753.  377.  335.  657.  490.  832.]
 [1147.    0.   32. 1144.    0.  810.  404.  250. 1142.    0.  350.  480.
     0.  168.    0.  242.  250.    0.  517. 1165.]
 [1225.  653.  141. 1243.  351.  672.    0.  173. 1235.    0.  538.  576.
   168.    0.    0.  341.    0.    0.  613. 1258.]
 [ 621.  798.    0.  824.  790. 1427. 1071.    0.  749.   71. 1023.  753.
     0.    0.    0.    0. 1010.  565.  313.  773.]
 [ 846.  481.  150.  973.  144.    0.  577.  411. 1112.  632.  524.  377.
   242.  341.    0.    0.  429.  294.  281. 1138.]
 [1272.    0.    0.  936.    0.    0.  217.  474. 1138. 1028.  167.  335.
   250.    0. 1010.  429.    0.    0.  666. 1158.]
 [ 695.  295.  300. 1091.  209.  879.    0.    0. 1200.  579.    0.  657.
     0.    0.  565.  294.    0.    0.  315. 1226.]
 [ 766.  568.  458.  868.  452. 1085.  809.  682.  790.  370.  761.  490.
   517.  613.  313.  281.  666.  315.    0.  814.]
 [1384. 1352. 1154.  407.    0. 1746. 1229. 1324.   10.  835. 1180.  832.
  1165. 1258.  773. 1138. 1158. 1226.  814.    0.]]
EOF
