NAME:  DC_co_l_wdo_n50
COMMENT: Generated by Finucane, Fulcher, O'Sullivan, and Seth (2021)
TYPE:  GVRP
DIMENSION:  50
CAPACITY:  100
EDGE_TYPE:  DIRECTED
EDGE_WEIGHT_TYPE:  EXPLICIT
EDGE_WEIGHT_FORMAT:  SPARSE_MATRIX
NODE_COORD_TYPE:  TWOD_COORDS
NODE_COORD_SECTION
0 -6.3164 53.3338
1 -6.3077 53.3394
2 -6.3058 53.3273
3 -6.3049 53.36
4 -6.3047 53.3613
5 -6.3039 53.339
6 -6.3028 53.3284
7 -6.3028 53.3353
8 -6.3027 53.329
9 -6.3027 53.3592
10 -6.299 53.3365
11 -6.298 53.341
12 -6.297 53.358
13 -6.2962 53.3543
14 -6.2953 53.3643
15 -6.2934 53.3614
16 -6.2926 53.3487
17 -6.2883 53.3304
18 -6.2858 53.332
19 -6.2841 53.3627
20 -6.2803 53.3419
21 -6.2791 53.3428
22 -6.2751 53.3608
23 -6.2714 53.3603
24 -6.2701 53.3312
25 -6.2698 53.3592
26 -6.2686 53.334
27 -6.2679 53.3568
28 -6.2669 53.3542
29 -6.2668 53.3569
30 -6.264 53.3262
31 -6.2585 53.3453
32 -6.2579 53.3556
33 -6.2571 53.3575
34 -6.2533 53.3326
35 -6.2494 53.3537
36 -6.2493 53.3441
37 -6.2482 53.3533
38 -6.2432 53.361
39 -6.2424 53.3602
40 -6.2419 53.3639
41 -6.2408 53.3442
42 -6.2392 53.3358
43 -6.2391 53.3387
44 -6.2389 53.3258
45 -6.2338 53.3396
46 -6.2322 53.3347
47 -6.2244 53.3378
48 -6.2205 53.363
49 -6.2153 53.3354
DEPOT_SECTION:
0
-1
DEMAND_SECTION
0 0
1 1
2 2
3 1
4 1
5 3
6 1
7 2
8 1
9 1
10 1
11 3
12 3
13 1
14 1
15 3
16 1
17 1
18 1
19 1
20 1
21 2
22 1
23 2
24 1
25 1
26 1
27 1
28 3
29 2
30 1
31 3
32 1
33 3
34 1
35 1
36 1
37 3
38 2
39 1
40 2
41 1
42 1
43 3
44 1
45 1
46 3
47 1
48 1
49 1
EDGE_WEIGHT_SECTION
[[   0.  737.  613.  618.  504. 1433.   61. 1193.  513.  787.  922. 1154.
   664.  837.  739. 1230.  851. 1168.  404.  761.  943.  900. 1018. 1085.
   828.  545. 1258.  976.  735.  919.  848.  821.  543.  845.  998. 1050.
   780.  511.  761.  829.  966.  644.  752.  990.  803. 1634.  540.  754.
   965.  946.]
 [ 507.    0.    0.  785.    0. 1260.    0.    0.    0.    0.    0. 1030.
     0.    0.    0.    0.    0.    0.  581.  138.    0.    0.    0.    0.
     0.  129.    0.    0.    0.    0.    0.    0.  499.    0.  929.  264.
   174.    0.    0.    0.    0.  249.    0.  907.    0.    0.  311.  609.
     0.  946.]
 [ 422.    0.    0.  578.  690.    0.  391.    0.  256.  121.  297.    0.
   760.    0.   72.    0.  957.  467.  540.  868.  650.  484.  701.  410.
     0.  694.    0.  672.  509.    0.  179.  566.    0.    0.  823.    0.
   911.  419.  176.    0.    0.  832.  375.  606.    0.    0.  758.  705.
     0.    0.]
 [ 421.  785.  578.    0.    0.  597.  415.    0.  327.  654.  632.  435.
     0.    0.  633.    0.  833.    0.  276.    0. 1037.  379. 1087.    0.
     0.    0.    0. 1058.  895.  612.    0.  952.  305.    0.  265.  969.
   786.  744.  678.  957.    0.  572.  346.  246.    0.    0.  500.  292.
     0.  288.]
 [ 349.    0.  690.    0.    0.    0.  318.    0.    0.    0.  900.    0.
   273.  703.  727.    0.    0. 1067.    0.  269.  806.    0.  859. 1009.
   726.  279.    0.  829.  661.  897.    0.  723.    0.    0.    0.    0.
     0.  457.  783.  729.    0.    0.    0.    0.    0.    0.    0.    0.
     0.    0.]
 [ 982. 1260.    0.  597.    0.    0.    0.    0.    0.    0.    0.  257.
     0.    0.    0.    0. 1314.  816.    0.    0.    0.  416.    0.  804.
     0.    0.  125.    0.    0.    0.    0.    0.  838.    0.  472. 1452.
  1264.    0.    0.    0.    0. 1048.  542.    0.    0.  901.    0.  851.
     0.    0.]
 [  42.    0.  391.  415.  318.    0.    0.    0.  322.    0.  604.    0.
   443.  547.  480.    0.  572.  772.  267.  496.  617.    0.  670.  714.
   536.  361.    0.  640.  473.  601.    0.  533.    0.    0.    0.    0.
   523.  321.  490.  538.    0.  434.    0.  648.    0.    0.  361.    0.
     0.  618.]
 [ 823.    0.    0.    0.    0.    0.    0.    0.    0.    0.    0.  134.
     0.    0.    0.    0.    0.    0.    0.    0.    0.  180.    0.    0.
     0.    0.  172.    0.    0.    0.    0.    0.    0.    0.    0.    0.
     0.    0.    0.    0.    0.    0.  336.  151.    0.    0.    0.    0.
     0.  130.]
 [ 354.    0.  256.  327.    0.    0.  322.    0.    0.  333.  308.    0.
   687.    0.  311.    0.  813.    0.  340.    0.  842.  281.  894.    0.
     0.  621.    0.  864.  700.  306.    0.  758.  433.    0.  572.    0.
   764.  548.  304.    0.    0.  630.  166.  355.    0.    0.  561.  498.
     0.    0.]
 [ 543.    0.  121.  654.    0.    0.    0.    0.  333.    0.  378.    0.
     0.    0.  123.    0.    0.  523.    0.    0.    0.  563.    0.  463.
     0.    0.    0.    0.    0.    0.  217.    0.    0.  194.  899.    0.
     0.    0.  220.    0.    0.    0.  454.  681.    0.    0.    0.    0.
     0.    0.]
 [ 635.    0.  297.  632.  900.    0.  604.    0.  308.  378.    0.    0.
   976.    0.  356.    0. 1109.  299.    0. 1077.    0.  347.    0.  237.
     0.  911.    0.    0.    0.   57.  205.    0.    0.  417.  797.    0.
  1061.  669.  156.    0.    0.  931.  292.  587.    0.  640.  860.    0.
     0.  524.]
 [ 793. 1030.    0.  435.    0.  257.    0.  134.    0.    0.    0.    0.
     0.    0.    0.    0. 1083.    0.    0.    0.    0.    0.    0.    0.
     0.    0.  179.    0.    0.    0.    0.    0.  682.    0.  256. 1221.
  1033.    0.    0.    0.    0.  817.    0.  130.    0.    0.    0.  622.
     0.  126.]
 [ 457.    0.  760.    0.  273.    0.  443.    0.  687.    0.  976.    0.
     0.  886.  842.    0.    0. 1145.  620.   63.    0.    0.    0. 1089.
     0.  111.    0.    0.    0.  974.    0.    0.    0.    0.    0.    0.
     0.    0.  868.    0.    0.    0.    0.    0.    0.    0.    0.    0.
     0.  988.]
 [ 577.    0.    0.    0.  703.    0.  547.    0.    0.    0.    0.    0.
   886.    0.    0.    0. 1037.  620.  779.  880.  437.    0.  486.  822.
   146.  778.    0.  458.  298.  802.  331.  353.    0.  179.    0.    0.
   989.  491.  316.  224.    0.  926.    0.    0.    0.    0.  854.    0.
   276.    0.]
 [ 510.    0.   72.  633.  727.    0.  480.    0.  311.  123.  356.    0.
   842.    0.    0.    0. 1042.  536.  630.  905.    0.  541.    0.  476.
     0.  777.    0.    0.    0.    0.  224.    0.    0.   74.  878.    0.
   996.  521.  203.    0.    0.  922.  433.  659.    0.    0.  848.  789.
   166.    0.]
 [ 845.    0.    0.    0.    0.    0.    0.    0.    0.    0.    0.    0.
     0.    0.    0.    0.    0.    0.    0.    0.    0.    0.    0.  111.
     0.    0.    0.    0.    0.    0.    0.    0.    0.    0.    0.    0.
     0.    0.    0.    0.    0.    0.    0.    0.    0.  408.    0.    0.
     0.    0.]
 [ 583.    0.  957.  833.    0. 1314.  572.    0.  813.    0. 1109. 1083.
     0. 1037. 1042.    0.    0. 1342.  629.    0.    0.    0.    0. 1284.
  1058.  304.    0.    0.    0. 1107.    0.    0.  614.    0.  982.  318.
    58.    0. 1061. 1058.    0.  338.    0.  960.    0.    0.  359.  663.
     0.  999.]
 [ 803.    0.  467.    0. 1067.  816.  772.    0.    0.  523.  299.    0.
  1145.  620.  536.    0. 1342.    0.  875. 1244.    0.  460.    0.  102.
     0. 1079.    0.    0.    0.  263.  305.    0.    0.  553.    0.    0.
  1294.  851.  319.    0.    0. 1121.    0.    0.    0.  454. 1051.    0.
     0.    0.]
 [ 277.  581.  540.  276.    0.    0.  267.    0.  340.    0.    0.    0.
   620.  779.  630.    0.  629.  875.    0.    0.  888.  622.  940.  817.
   807.    0.    0.  911.  744.    0.  683.  804.  101.    0.    0.  766.
   582.  596.  631.  809.    0.  367.  466.    0.    0.    0.  296.  262.
     0.  558.]
 [ 527.  138.  868.    0.  269.    0.  496.    0.    0.    0. 1077.    0.
    63.  880.  905.    0.    0. 1244.    0.    0.  879.    0.  933. 1185.
   860.    0.    0.  902.  703. 1075.    0.  799.    0.    0.    0.  292.
   266.  509.  960.  865.    0.    0.    0.    0.    0.    0.    0.    0.
     0.    0.]
 [ 649.    0.  650. 1037.  806.    0.  617.    0.  842.    0.    0.    0.
     0.  437.    0.    0.    0.    0.  888.  879.    0. 1088.  111.    0.
   480.  876.    0.   73.  297.    0.    0.  187.    0.    0.    0.    0.
     0.  725.    0.  443.  473. 1030.  980. 1182.    0.    0.  912.    0.
     0. 1151.]
 [ 621.    0.  484.  379.    0.  416.    0.  180.  281.  563.  347.    0.
     0.    0.  541.    0.    0.  460.  622.    0. 1088.    0. 1139.  487.
     0.    0.    0. 1110.  945.  318.  463. 1003.    0.    0.    0.    0.
     0.  793.  399.    0.    0.    0.  158.    0.    0.  838.    0.    0.
     0.  127.]
 [ 701.    0.  701. 1087.  859.    0.  670.    0.  894.    0.    0.    0.
     0.  486.    0.    0.    0.    0.  940.  933.  111. 1139.    0.    0.
   451.  926.    0.   80.  295.    0.    0.  239.    0.    0.    0.    0.
     0.  802.    0.  495.  526. 1082. 1031. 1232.    0.    0.  963.    0.
     0. 1202.]
 [ 746.    0.  410.    0. 1009.  804.  714.    0.    0.  463.  237.    0.
  1089.  485.  476.  111. 1284.  102.  817. 1185.    0.  487.    0.    0.
     0. 1023.    0.    0.    0.  259.  186.    0.    0.  493.    0.    0.
  1237.  795.  225.    0.    0. 1064.    0.    0.    0.  380.  994.    0.
     0.    0.]
 [ 568.    0.    0.    0.  726.    0.  536.    0.    0.    0.    0.    0.
     0.  146.    0.    0. 1058.    0.  807.  860.  480.    0.  451.    0.
     0.  797.    0.  422.  318.    0.    0.  316.    0.    0.    0.    0.
  1010.  480.    0.  151.    0.  949.    0.    0.    0.    0.  832.    0.
     0.    0.]
 [ 375.  129.  694.    0.  279.    0.  361.    0.  621.    0.  911.    0.
   111.  778.  777.    0.  304. 1079.    0.    0.  876.    0.  926. 1023.
   797.    0.    0.  898.  857.  909.    0.  792.    0.    0.    0.  347.
   227.  608.  801.  797.    0.  251.    0.    0.    0.    0.  284.  608.
     0.    0.]
 [ 863.    0.    0.    0.    0.  125.    0.  172.    0.    0.    0.  179.
     0.    0.    0.    0.    0.    0.    0.    0.    0.    0.    0.    0.
     0.    0.    0.    0.    0.    0.    0.    0.    0.    0.  445.    0.
     0.    0.    0.    0.    0.    0.    0.  190.    0.  888.    0.    0.
     0.  214.]
 [ 672.    0.  672. 1058.  829.    0.  640.    0.  864.    0.    0.    0.
     0.  458.    0.    0.    0.    0.  911.  902.   73. 1110.   80.    0.
   422.  898.    0.    0.  265.    0.    0.  206.    0.    0.    0.    0.
     0.  758.    0.  462.  493. 1053. 1002. 1204.    0.    0.  935.    0.
     0. 1173.]
 [ 505.    0.  509.  895.  661.    0.  473.    0.  700.    0.    0.    0.
     0.  298.    0.    0.    0.    0.  744.  703.  297.  945.  295.    0.
   318.  857.    0.  265.    0.    0.    0.  158.    0.    0.    0.    0.
     0.  464.    0.  257.  413.  885.  837. 1040.    0.    0.  769.    0.
     0. 1010.]
 [ 633.    0.    0.  612.  897.    0.  601.    0.  306.    0.   57.    0.
   974.  475.    0.    0. 1107.  263.    0. 1075.    0.  318.    0.  259.
     0.  909.    0.    0.    0.    0.  201.    0.    0.    0.  795.    0.
  1059.  751.    0.    0.    0.  929.  289.  584.    0.  612.  858.    0.
     0.    0.]
 [ 583.    0.  179.    0.    0.    0.    0.    0.    0.  217.  343.    0.
     0.  331.  224.    0.    0.  305.  683.    0.    0.  463.    0.  332.
     0.    0.    0.    0.    0.  346.    0.    0.    0.  247.    0.    0.
     0.    0.   50.    0.    0.  983.    0.    0.    0.    0.  910.  807.
     0.    0.]
 [ 565.    0.  566.  952.  723.    0.  533.    0.  758.    0.    0.    0.
     0.  353.    0.    0.    0.    0.  804.  799.  187. 1003.  239.    0.
   316.  792.    0.  206.  158.    0.    0.    0.    0.    0.    0.    0.
     0.  602.    0.  336.  366.  946.  896. 1098.    0.    0.  828.    0.
     0. 1067.]
 [ 373.  499.    0.  305.    0.  838.    0.    0.  433.    0.    0.  682.
     0.    0.    0.    0.  614.    0.  101.    0.    0.    0.    0.    0.
     0.    0.    0.    0.    0.    0.    0.    0.    0.    0.  537.  690.
   502.    0.    0.    0.    0.  286.  533.  485.    0.    0.  257.  231.
     0.  526.]
 [ 584.    0.    0.    0.    0.    0.    0.    0.    0.  194.  417.    0.
     0.  108.   74.    0.    0.  553.    0.    0.    0.    0.    0.  493.
     0.    0.    0.    0.    0.    0.  247.    0.    0.    0.    0.    0.
     0.    0.  247.    0.    0.    0.    0.    0.    0.    0.    0.    0.
   142.    0.]
 [ 682.  929.  823.  265.    0.  472.    0.    0.  572.  899.  797.  256.
     0.    0.  878.    0.  982.    0.    0.    0.    0.    0.    0.    0.
     0.    0.  445.    0.    0.  795.    0.    0.  537.    0.    0. 1121.
   932.    0.  861.    0.    0.  716.  523.  337.    0.    0.    0.  542.
     0.  411.]
 [ 722.  264.    0.  969.    0. 1452.    0.    0.    0.    0.    0. 1221.
     0.    0.    0.    0.  318.    0.  766.  292.    0.    0.    0.    0.
     0.  347.    0.    0.    0.    0.    0.    0.  690.    0. 1121.    0.
   307.    0.    0.    0.    0.  488.    0. 1099.    0.    0.  496.  802.
     0. 1137.]
 [ 535.  310.  911.  786.    0. 1264.  523.    0.  764.    0. 1061. 1033.
     0.  989.  996.    0.   58. 1294.  582.  266.    0.    0.    0. 1237.
  1010.  386.    0.    0.    0. 1059.    0.    0.  502.    0.  932.  307.
     0.    0. 1013. 1011.    0.  251.    0.  911.   15.    0.  312.  613.
     0.  949.]
 [ 353.    0.  419.  744.  457.    0.  321.    0.  548.    0.  669.    0.
     0.  491.  521.    0.    0.  851.  596.  509.  426.  793.  473.  795.
   480.  608.    0.  446.  273.  751.    0.  355.    0.    0.    0.    0.
     0.    0.    0.  482.    0.  734.  686.  888.    0.    0.  679.    0.
     0.  858.]
 [ 522.    0.  176.  678.  783.    0.  490.    0.  304.  220.  265.    0.
   868.  316.  203.    0. 1061.  319.  631.  960.    0.  399.    0.  389.
     0.  801.    0.    0.    0.    0.   50.    0.    0.  247.  861.    0.
  1013.    0.    0.    0.    0.  840.  353.  650.    0.    0.  771.    0.
     0.  587.]
 [ 570.    0.    0.  957.  729.    0.  538.    0.    0.    0.    0.    0.
     0.  224.    0.    0. 1058.    0.  809.  865.  443.    0.  495.    0.
   151.  797.    0.  462.  257.    0.    0.  336.    0.    0.    0.    0.
  1011.  482.    0.    0.  104.  951.    0.    0.    0.    0.  832.    0.
     0.    0.]
 [ 665.    0.    0.    0.    0.    0.    0.    0.    0.    0.    0.    0.
     0.    0.    0.    0.    0.    0.    0.    0.  473.    0.  526.    0.
     0.    0.    0.  493.  413.    0.    0.  366.    0.    0.    0.    0.
     0.    0.    0.  104.    0.    0.    0.    0.    0.    0.    0.    0.
     0.    0.]
 [ 444.  249.  832.  572.    0. 1048.  434.    0.  630.    0.  931.  817.
     0.  926.  922.    0.  338. 1121.  367.    0. 1030.    0. 1082. 1064.
   949.  251.    0. 1053.  885.  929.  983.  946.  286.    0.  716.  488.
   251.  734.  840.  951.    0.    0.  802.  694.    0.    0.  149.  398.
     0.  733.]
 [ 519.    0.  375.  346.    0.  542.    0.  336.  166.  454.  292.    0.
     0.    0.  433.    0.    0.    0.  466.    0.  980.  158. 1031.    0.
     0.    0.    0. 1002.  837.  289.    0.  896.  533.    0.  523.    0.
     0.  686.  353.    0.    0.  802.    0.  307.    0.    0.  730.  584.
     0.  243.]
 [ 680.  907.  606.  246.    0.    0.  648.  151.  355.  681.  587.  130.
     0.    0.  659.    0.  960.    0.    0.    0. 1182.    0. 1232.    0.
     0.    0.  190. 1204. 1040.  584.    0. 1098.  485.    0.  337. 1099.
   911.  888.  650.    0.    0.  694.  307.    0.    0.    0.    0.  498.
     0.   97.]
 [ 551.    0.    0.    0.    0.    0.    0.    0.    0.    0.    0.    0.
     0.    0.    0.    0.    0.    0.    0.    0.    0.    0.    0.    0.
     0.    0.    0.    0.    0.    0.    0.    0.    0.    0.    0.    0.
    15.    0.    0.    0.    0.    0.    0.    0.    0.    0.    0.    0.
     0.    0.]
 [1125.    0.    0.    0.    0.  901.    0.    0.    0.    0.  640.    0.
     0.    0.    0.  408.    0.  454.    0.    0.    0.  838.    0.  380.
     0.    0.  888.    0.    0.  612.    0.    0.    0.    0.    0.    0.
     0.    0.    0.    0.    0.    0.    0.    0.    0.    0.    0.    0.
     0.    0.]
 [ 372.  311.  758.  500.    0.    0.  361.    0.  561.    0.  860.    0.
     0.  854.  848.    0.  359. 1051.  296.    0.  912.    0.  963.  994.
   832.  284.    0.  935.  769.  858.  910.  828.  257.    0.    0.  496.
   312.  679.  771.  832.    0.  149.  730.    0.    0.    0.    0.  381.
     0.    0.]
 [ 516.  609.  705.  292.    0.  851.    0.    0.  498.    0.    0.  622.
     0.    0.  789.    0.  663.    0.  262.    0.    0.    0.    0.    0.
     0.  608.    0.    0.    0.    0.  807.    0.  231.    0.  542.  802.
   613.    0.    0.    0.    0.  398.  584.  498.    0.    0.  381.    0.
     0.  539.]
 [ 667.    0.    0.    0.    0.    0.    0.    0.    0.    0.    0.    0.
     0.  276.  166.    0.    0.    0.    0.    0.    0.    0.    0.    0.
     0.    0.    0.    0.    0.    0.    0.    0.    0.  142.    0.    0.
     0.    0.    0.    0.    0.    0.    0.    0.    0.    0.    0.    0.
     0.    0.]
 [ 650.  946.    0.  288.    0.    0.  618.  221.    0.    0.  524.  215.
   988.    0.    0.    0.  999.    0.  558.    0. 1151.  218. 1202.    0.
     0.    0.  214. 1173. 1010.    0.    0. 1067.  526.    0.  411. 1137.
   949.  858.  587.    0.    0.  733.  243.  160.    0.    0.    0.  539.
     0.    0.]]
EOF
