NAME:  m50_ce_m_wdp_n20
COMMENT: this is testing the generating format
TYPE:  GVRP
DIMENSION:  20
CAPACITY:  100
EDGE_TYPE:  DIRECTED
EDGE_WEIGHT_TYPE:  EXPLICIT
EDGE_WEIGHT_FORMAT:  SPARSE_MATRIX
NODE_COORD_TYPE:  TWOD_COORDS
NODE_COORD_SECTION
0 -6.3863 53.4133
1 -6.3814 53.3151
2 -6.3699 53.3177
3 -6.3684 53.2863
4 -6.3549 53.3229
5 -6.3451 53.412
6 -6.321 53.3395
7 -6.3045 53.3932
8 -6.299 53.3363
9 -6.2969 53.3426
10 -6.2934 53.332
11 -6.2779 53.3265
12 -6.2571 53.3365
13 -6.2408 53.2648
14 -6.2407 53.3949
15 -6.2391 53.3387
16 -6.2215 53.3732
17 -6.1822 53.2555
18 -6.1788 53.4137
19 -6.1366 53.4096
DEPOT_SECTION:
0
-1
DEMAND_SECTION
0 2
1 2
2 3
3 2
4 2
5 3
6 3
7 2
8 2
9 3
10 3
11 2
12 2
13 2
14 3
15 3
16 1
17 2
18 2
19 1
EDGE_WEIGHT_SECTION
[[   0. 2736. 3026. 4141. 1599. 2782. 2947. 1262.  641. 3503.  843. 3657.
  3278. 1350. 1762. 4564.  798. 1043. 1215.  960.]
 [2367.    0.  702. 1213. 1087.    0. 1310. 1356.    0. 2130.    0.    0.
  2627.    0.  958. 1581. 1679. 1550. 1344. 1455.]
 [2619.  702.    0. 1337. 1368.    0. 1104. 1658.    0. 1924.    0.    0.
  2422.    0. 1421. 1703. 1927. 1798. 1592. 1702.]
 [3582. 1213. 1337.    0.    0.    0. 2375.    0.    0. 3228.    0.    0.
  3724.    0.    0.  976.    0.    0.    0.    0.]
 [1382. 1087. 1368.    0.    0. 1902. 1524.  415. 1625. 2195.    0. 2246.
  2696. 2170.  343.    0.  887.  485.  559.  571.]
 [2407.    0.    0.    0. 1902.    0.    0. 1725. 2604.    0. 2699.    0.
     0. 2383. 2036.    0. 2484. 2135.    0.    0.]
 [2550. 1310. 1104. 2375. 1524.    0.    0. 1682.    0. 1040.    0. 3693.
  1509.    0. 1640. 2739. 1860. 1800. 1545. 1704.]
 [1090. 1356. 1658.    0.  415. 1725. 1682.    0. 1332. 2274.    0. 2460.
  2777. 1778.  556.    0.    0.    0.  950.  421.]
 [ 324.    0.    0.    0. 1625. 2604.    0. 1332.    0.    0.  158.    0.
  2760.  854. 1762.    0.  935.  978.    0. 1072.]
 [3030. 2130. 1924. 3228. 2195.    0. 1040. 2274.    0.    0.    0. 4360.
  1276.    0. 2464. 3590. 2339. 2334. 2069. 2238.]
 [ 426.    0.    0.    0.    0. 2699.    0.    0.  158.    0.    0.    0.
  2893.  756.    0.    0.    0.    0.    0.    0.]
 [3165.    0.    0.    0. 2246.    0. 3693. 2460.    0. 4360.    0.    0.
  4863.    0. 2318.    0.    0.    0. 2706. 2391.]
 [2836. 2627. 2422. 3724. 2696.    0. 1509. 2777. 2760. 1276. 2893. 4863.
     0. 3667. 2962. 4087. 2536. 2878. 2569. 2738.]
 [1168.    0.    0.    0. 2170. 2383.    0. 1778. 1466.    0. 1297.    0.
  3667.    0. 2305.    0. 1852. 1714. 2054. 2443.]
 [1522.  958. 1421.    0.  343. 2036. 1640.  556. 1762. 2464.    0. 2318.
  2962. 2305.    0.    0. 1237.    0.  903.  710.]
 [3947. 1581. 1703.  555.    0.    0. 2739.    0.    0. 3590.    0.    0.
  4087.    0.    0.    0.    0.    0.    0.    0.]
 [ 691. 1679. 1927.    0.  887. 2484. 1860.    0.  935. 2339.    0.    0.
  2536. 1852. 1237.    0.    0.  324.  362.  484.]
 [ 902. 1550. 1798.    0.  895. 2135. 1800.    0. 1710. 2334.    0.    0.
  2878. 1714.    0.    0.  557.    0.  808.  400.]
 [1052. 1344. 1592.    0.  559.    0. 1545.  528.    0. 2069.    0. 2706.
  2569. 2054.  903.    0.  362.  273.    0.  477.]
 [ 830. 1455. 1702.    0.  571.    0. 1704.  235. 1072. 2238.    0. 2391.
  2738. 1404.  710.    0.  484.   48.  477.    0.]]
EOF
