NAME:  m50_co_m_wdp_n20
COMMENT: Generated by Finucane, Fulcher, O'Sullivan, and Seth (2021)TYPE:  GVRP
DIMENSION:  20
CAPACITY:  100
EDGE_TYPE:  DIRECTED
EDGE_WEIGHT_TYPE:  EXPLICIT
EDGE_WEIGHT_FORMAT:  SPARSE_MATRIX
NODE_COORD_TYPE:  TWOD_COORDS
NODE_COORD_SECTION
0 -6.3909 53.3246
1 -6.3892 53.2952
2 -6.3814 53.3151
3 -6.3661 53.3846
4 -6.3639 53.414
5 -6.3572 53.2772
6 -6.3561 53.3505
7 -6.341 53.3237
8 -6.3191 53.4014
9 -6.3151 53.2652
10 -6.3097 53.3138
11 -6.3078 53.3418
12 -6.3068 53.3435
13 -6.2182 53.3091
14 -6.2147 53.2532
15 -6.214 53.414
16 -6.2039 53.2721
17 -6.1871 53.3974
18 -6.1429 53.2708
19 -6.1284 53.2572
DEPOT_SECTION:
0
-1
DEMAND_SECTION
0 2
1 3
2 1
3 3
4 1
5 3
6 1
7 1
8 1
9 2
10 1
11 1
12 3
13 3
14 2
15 1
16 1
17 3
18 3
19 2
EDGE_WEIGHT_SECTION
[[   0. 2398. 4171. 4082. 5267. 4509. 2956.  691. 1409. 2836. 1193. 2534.
  3183. 2338. 4838. 2014. 2419. 3027. 2015. 3239.]
 [2089.    0. 2266. 2135.    0. 2776. 1371. 1694.  733. 1991. 2323. 1961.
  2022.  152. 2891. 1311. 2204. 1192. 2574. 1423.]
 [3631. 2266.    0. 2040.    0.  578.    0. 3587.    0. 2346. 3794. 2119.
     0.    0.  972. 2086. 3454. 2002. 4261.  964.]
 [3554. 2135. 2040.    0. 3546. 1982. 1837. 2370.    0.  906. 3717.    0.
  2468.    0. 3136. 1358. 3540. 1485. 4104. 2365.]
 [4591.    0.    0. 3546.    0. 2041.    0.    0.    0. 4017.    0.    0.
     0.    0.  323.    0.    0.    0.    0.    0.]
 [3924. 2776.  578. 1982. 2041.    0.    0. 3883.    0. 2536. 4221. 3252.
     0.    0. 1575. 3203. 3882. 2150. 4556.    0.]
 [2575.  797.    0. 1837.    0.    0.    0. 1436.  723. 1123. 2908. 1201.
   724.  963.    0.  578. 2797.  515. 2903. 1728.]
 [ 598. 1694. 3587. 2370.    0. 3883. 1436.    0.  833. 2859. 1590. 1688.
  2199. 1660. 4160. 1312. 2005. 2451. 1022. 2678.]
 [1218.  733.    0.    0.    0.    0. 1273.  833.    0. 2094. 2932. 1767.
  1134. 1070.    0. 1233. 2928.    0. 2176.    0.]
 [2451. 1991. 2346. 1546. 4017. 2536. 1929. 2859. 2094.    0. 4008. 1745.
  2676.    0.    0. 1738. 3752. 2083.    0. 2457.]
 [1031. 2323. 3794. 3717.    0. 4221. 2908. 1590. 2932. 4008.    0. 4009.
  3660. 2274. 3874. 3609.  709. 2822. 2925. 2790.]
 [2190. 1961. 2119.    0.    0. 3252. 1201. 1688. 1767.  607. 4009.    0.
     0. 1997. 4014.  710. 3892. 1403.    0.    0.]
 [2776. 1171.    0. 2468.    0.    0.  724. 2199. 1134. 1558. 3660.    0.
     0. 1400.    0.  673. 3540.    0. 3208.    0.]
 [2037.   18.    0.    0.    0.    0.  963. 1660.  620.    0. 2274. 1997.
  1400.    0.    0. 1348. 2199.    0. 2608.    0.]
 [4216. 2891. 1668. 3136.  555. 1575.    0. 4160.    0.    0. 3874. 4014.
     0.    0.    0.    0. 3846. 2824. 4997. 2211.]
 [1740. 1311. 2086. 1358.    0. 3203.  578. 1312. 1233. 1012. 3609.  710.
   673. 1348.    0.    0. 3486. 1052.    0.    0.]
 [2109. 2204. 3454. 3540.    0. 3882. 2797. 2005. 2928. 3752. 1219. 3892.
  3540. 2199. 3846. 3486.    0. 2609. 3063. 2451.]
 [2638.  691. 2002. 1485.    0. 2150.  515. 2451.    0. 1212. 2822. 1403.
     0.    0. 2824. 1052. 2609.    0. 3130. 1514.]
 [1757. 2574. 4261. 4104.    0. 4556. 2903. 1022. 2176.    0. 2925.    0.
  3208. 2608. 4997.    0. 3063. 3130.    0. 3349.]
 [2822. 1423.  964. 2365.    0.    0. 1728. 2678.    0. 2457. 2790.    0.
     0.    0. 1286.    0. 2451. 1514. 3349.    0.]]
EOF
