NAME:  DS_ce_h_wdp_n20
COMMENT: Generated by Finucane, Fulcher, O'Sullivan, and Seth (2021)TYPE:  GVRP
DIMENSION:  20
CAPACITY:  100
EDGE_TYPE:  DIRECTED
EDGE_WEIGHT_TYPE:  EXPLICIT
EDGE_WEIGHT_FORMAT:  SPARSE_MATRIX
NODE_COORD_TYPE:  TWOD_COORDS
NODE_COORD_SECTION
0 -6.371 53.3178
1 -6.3699 53.3204
2 -6.369 53.3188
3 -6.3613 53.3104
4 -6.3559 53.3083
5 -6.3527 53.3235
6 -6.3398 53.2897
7 -6.3324 53.2907
8 -6.3147 53.2906
9 -6.3073 53.273
10 -6.2442 53.3052
11 -6.2435 53.2713
12 -6.2433 53.272
13 -6.2203 53.2743
14 -6.2047 53.2742
15 -6.1937 53.2827
16 -6.1789 53.2529
17 -6.1638 53.2784
18 -6.161 53.2861
19 -6.137 53.237
DEPOT_SECTION:
0
-1
DEMAND_SECTION
0 2
1 1
2 2
3 1
4 2
5 2
6 3
7 3
8 3
9 2
10 3
11 1
12 2
13 1
14 3
15 3
16 3
17 3
18 1
19 1
EDGE_WEIGHT_SECTION
[[   0.  819. 5274.   66. 2778. 2009. 2813.  194. 4002.  218. 3381. 3134.
   247. 2811.  299.  912. 3895.  701. 2377. 3439.]
 [ 689.    0. 2805.    0. 1839.  984. 1668.  526. 2869. 1175. 1538.    0.
     0. 1666.  485.  442. 2706.  316. 1629. 2318.]
 [4482. 2805.    0.    0. 1908.    0.    0. 3138. 1266.    0. 1674. 2262.
     0. 2481.    0.    0. 1464. 2721.    0. 1539.]
 [  33.    0.    0.    0.    0.    0.    0.    0.    0.    0.    0.    0.
   144.    0.    0.    0.    0.    0.    0.    0.]
 [2338. 1839. 1908.    0.    0.    0. 1059. 2175.  760. 3171.  855.  807.
     0. 1079.    0.    0.    0. 1752. 1660.  903.]
 [1709.  984.    0.    0.    0.    0. 1092. 1470.    0. 1678.    0.    0.
     0. 1091. 1372.  644. 2544.  857. 1537.    0.]
 [2393. 1668.    0.    0. 1059. 1092.    0. 2154. 1332. 2123.    0.    0.
     0.    7. 2056. 1310. 1470. 1541.  862.  957.]
 [ 163.  526. 3138.    0. 2175. 1470. 2154.    0. 3248.  395. 1874.    0.
   138. 2152.   70.  604. 3158.  671.    0. 2769.]
 [3403. 2869. 1266.    0.  760.    0. 1332. 3248.    0. 3153.  678.    0.
  3479.    0. 3151. 2379.  197. 2743. 1561.  505.]
 [ 545. 1175.    0.    0. 3171. 1678. 2123.  688. 3153.    0. 2624. 2414.
   512. 2122.  563. 1094. 3061. 1145. 1772. 2674.]
 [2874. 1538. 1674.    0.  855.    0.    0. 1874.  678. 2624.    0.  251.
     0.    0. 1814. 1843.  816. 1451. 1075.  290.]
 [2664.    0. 2262.    0.  807.    0.    0.    0.    0. 2414.  722.    0.
     0.  354.    0.    0.    0.    0. 1282.    0.]
 [ 364.    0.    0.  286.    0.    0.    0.  274. 3479.  299.    0.    0.
     0.    0.    0.    0. 3387.    0. 2098. 3000.]
 [2391. 1666. 2481.    0. 1079. 1091.   60. 2152.    0. 2122.    0.  354.
     0.    0. 2054. 1308.    0. 1540. 1245.    0.]
 [ 252.  485.    0.    0.    0. 1372. 2056.  139. 3151.  284. 1814.    0.
     0. 2054.    0.  538. 3061.  607. 1964. 2672.]
 [ 768.  442.    0.    0.    0.  644. 1310.  604. 2379. 1094. 1843.    0.
     0. 1308.  538.    0. 2289.  444. 1281. 1901.]
 [3311. 2706. 1464.    0.    0. 2544. 1470. 3158.  338. 3061.  816.    0.
  3387.    0. 3061. 2289.    0. 2577. 1469.  678.]
 [ 590.  105. 2721.    0. 1752.  857. 1541.  338. 2743.  578. 1451.    0.
     0. 1540.  306.  259. 2577.    0. 1495. 2189.]
 [2021. 1629.    0.    0. 1660. 1537.  862.    0. 1561. 1772. 1075.  748.
  2098.  727. 1964. 1281. 1469. 1495.    0. 1087.]
 [2923. 2318. 1539.    0.  903.    0.  957. 2769.  505. 2674.  290.    0.
  3000.    0. 2672. 1901.  678. 2189. 1087.    0.]]
EOF
