NAME:  DS_co_h_wdp_n20
COMMENT: this is testing the generating format
TYPE:  GVRP
DIMENSION:  20
CAPACITY:  100
EDGE_TYPE:  DIRECTED
EDGE_WEIGHT_TYPE:  EXPLICIT
EDGE_WEIGHT_FORMAT:  SPARSE_MATRIX
NODE_COORD_TYPE:  TWOD_COORDS
NODE_COORD_SECTION
0 -6.3682 53.2907
1 -6.3617 53.2862
2 -6.3535 53.3232
3 -6.341 53.3236
4 -6.3311 53.277
5 -6.3275 53.2876
6 -6.2879 53.293
7 -6.2807 53.2947
8 -6.2617 53.2807
9 -6.252 53.3212
10 -6.2416 53.3182
11 -6.2334 53.3027
12 -6.2213 53.2677
13 -6.2202 53.268
14 -6.2181 53.309
15 -6.1823 53.3021
16 -6.1813 53.3018
17 -6.17 53.2963
18 -6.1593 53.2669
19 -6.1239 53.2332
DEPOT_SECTION:
0
-1
DEMAND_SECTION
0 3
1 2
2 2
3 1
4 1
5 2
6 2
7 1
8 3
9 2
10 2
11 3
12 1
13 3
14 2
15 1
16 2
17 1
18 2
19 3
EDGE_WEIGHT_SECTION
[[   0. 2624. 2200. 1540. 1225. 2010. 2403. 2075. 3467. 2219. 1393.  794.
  1242. 1513. 2059. 2805. 2266. 1926.  724. 1881.]
 [2125.    0.    0.    0.    0. 1062.  397.    0.    0. 1510.    0.    0.
     0.    0.    0.    0.    0.    0.    0.    0.]
 [1780.    0.    0. 1716.    0.    0.  692. 2500. 3873. 1006.    0.    0.
     0. 2648. 1115.  420. 1704.  811.    0.    0.]
 [1250.    0. 1716.    0. 1289. 2323. 2350.    0. 2378.    0. 1618. 1191.
     0.    0.  862. 1810.   47. 1323.  854.    0.]
 [ 992.    0.    0. 1289.    0. 1089. 1177. 2051.    0.    0. 1339. 1373.
  1684. 1810. 1054.  992.    0.  449. 1009.    0.]
 [1628. 1062.    0. 2323. 1089.    0. 1051. 3118.    0.  492. 1445. 2047.
     0.    0.    0. 1701.    0. 1103. 1794.    0.]
 [1946.  135.  692. 2350. 1177. 1051.    0. 3107. 3087. 1130. 1764. 2364.
     0.    0. 1737. 1104. 2338. 1266. 2108.    0.]
 [1677.    0. 2500.    0. 2051. 3118. 3107.    0. 1253.    0.    0. 1267.
     0.  628. 1850.    0. 1007.    0. 1447.    0.]
 [2798.    0. 3873. 2378.    0.    0. 3087. 1253.    0.    0.    0.    0.
     0. 1939. 3033. 3933. 2371. 3476.    0.    0.]
 [1798.  881. 1006.    0.    0.   60. 1130.    0.    0.    0.    0.    0.
     0.    0.    0.    0.    0.    0.    0.    0.]
 [ 625.    0.    0. 1618.  751. 1445. 1764.    0.    0.    0.    0. 1157.
     0.    0. 1335. 1327.    0.  902.  900.    0.]
 [ 370.    0.    0. 1191. 1373. 2047. 2364. 1267.    0.    0. 1157.    0.
   576.    0. 1310. 1926. 1179.    0.  566.    0.]
 [1007.    0.    0.    0. 1684.    0.    0.    0.    0.    0.    0.  987.
     0.  211. 2455.    0. 1774.    0. 1324.   49.]
 [1227.    0. 2648.    0. 1810.    0.    0. 1076. 1939.    0.    0.    0.
   211.    0. 2545.    0. 1546.    0.    0.  589.]
 [ 952.    0. 1115.  862.  367.    0. 1737. 1850. 3033.    0. 1335. 1310.
  1443. 1484.    0. 1162.  850.    0.  993.    0.]
 [1286.    0.  247. 1810.  558. 1000.  644.    0. 3933.    0. 1327. 1926.
     0.    0. 1162.    0. 1798.  741.    0.    0.]
 [1067.    0. 1704.    6.    0.    0. 2338. 1007. 2371.    0.    0. 1179.
  1019.  902.  850. 1798.    0. 1311.  842. 1192.]
 [ 873.    0.  811. 1323.   50. 1103. 1266.    0. 3476.    0.  902.    0.
     0.    0.    0.  741. 1311.    0.    0.    0.]
 [ 341.    0.    0.  854. 1009. 1794. 2108. 1447.    0.    0.  900.  566.
   778.    0.  993.    0.  842.    0.    0.    0.]
 [ 882.    0.    0.    0.    0.    0.    0.    0.    0.    0.    0.    0.
     6.   67.    0.    0. 1192.    0.    0.    0.]]
EOF
