NAME:  m50_ce_m_wdo_n20
COMMENT: this is testing the generating format
TYPE:  GVRP
DIMENSION:  20
CAPACITY:  100
EDGE_TYPE:  DIRECTED
EDGE_WEIGHT_TYPE:  EXPLICIT
EDGE_WEIGHT_FORMAT:  SPARSE_MATRIX
NODE_COORD_TYPE:  TWOD_COORDS
NODE_COORD_SECTION
0 -6.3863 53.4133
1 -6.3814 53.3151
2 -6.3699 53.3177
3 -6.3684 53.2863
4 -6.3549 53.3229
5 -6.3451 53.412
6 -6.321 53.3395
7 -6.3045 53.3932
8 -6.299 53.3363
9 -6.2969 53.3426
10 -6.2934 53.332
11 -6.2779 53.3265
12 -6.2571 53.3365
13 -6.2408 53.2648
14 -6.2407 53.3949
15 -6.2391 53.3387
16 -6.2215 53.3732
17 -6.1822 53.2555
18 -6.1788 53.4137
19 -6.1366 53.4096
DEPOT_SECTION:
0
-1
DEMAND_SECTION
0 1
1 2
2 2
3 3
4 2
5 2
6 3
7 2
8 3
9 1
10 3
11 3
12 2
13 2
14 3
15 2
16 1
17 3
18 3
19 1
EDGE_WEIGHT_SECTION
[[   0. 2573. 2777. 3887. 1483. 2493. 2682. 1163.  517. 3080.  720. 3235.
  2869. 1182. 1635. 4326.  686.  942. 1101.  879.]
 [2223.    0.  631. 1133. 1021.    0. 1121. 1302.    0. 1807.    0.    0.
  2275.    0.  893. 1513. 1635. 1471. 1305. 1378.]
 [2398.  631.    0. 1252. 1300.    0.  938. 1553.    0. 1622.    0.    0.
  2091.    0. 1342. 1630. 1812. 1641. 1479. 1548.]
 [3357. 1133. 1252.    0.    0.    0. 2099.    0.    0. 2775.    0.    0.
  3248.    0.    0.  976.    0.    0.    0.    0.]
 [1280. 1021. 1300.    0.    0. 1748. 1420.  403. 1465. 1930.    0. 2002.
  2403. 2010.  276.    0.  857.  463.  536.  547.]
 [2150.    0.    0.    0. 1748.    0.    0. 1483. 2407.    0. 2468.    0.
     0. 2272. 1881.    0. 2141. 1819.    0.    0.]
 [2315. 1121.  938. 2099. 1420.    0.    0. 1548.    0.  977.    0. 3362.
  1305.    0. 1526. 2482. 1725. 1611. 1409. 1518.]
 [1002. 1302. 1553.    0.  403. 1483. 1548.    0. 1189. 1991.    0. 2254.
  2467. 1599.  522.    0.    0.    0.  914.  404.]
 [ 238.    0.    0.    0. 1465. 2407.    0. 1189.    0.    0.  123.    0.
  2465.  758. 1597.    0.  775.  833.    0.  945.]
 [2656. 1807. 1622. 2775. 1930.    0.  977. 1991.    0.    0.    0. 3880.
  1197.    0. 2205. 3160. 2064. 2012. 1773. 1921.]
 [ 341.    0.    0.    0.    0. 2468.    0.    0.  123.    0.    0.    0.
  2546.  649.    0.    0.    0.    0.    0.    0.]
 [2790.    0.    0.    0. 2002.    0. 3362. 2254.    0. 3880.    0.    0.
  4357.    0. 2059.    0.    0.    0. 2489. 2194.]
 [2474. 2275. 2091. 3248. 2403.    0. 1305. 2467. 2465. 1197. 2546. 4357.
     0. 3306. 2681. 3632. 2257. 2570. 2248. 2398.]
 [1020.    0.    0.    0. 2010. 2272.    0. 1599. 1342.    0. 1160.    0.
  3306.    0. 2128.    0. 1606. 1619. 1932. 2353.]
 [1409.  893. 1342.    0.  276. 1881. 1526.  522. 1597. 2205.    0. 2059.
  2681. 2128.    0.    0. 1209.    0.  880.  672.]
 [3736. 1513. 1630.  555.    0.    0. 2482.    0.    0. 3160.    0.    0.
  3632.    0.    0.    0.    0.    0.    0.    0.]
 [ 591. 1635. 1812.    0.  857. 2141. 1725.    0.  775. 2064.    0.    0.
  2257. 1606. 1209.    0.    0.  296.  362.  437.]
 [ 812. 1471. 1641.    0.  868. 1819. 1611.    0. 1526. 2012.    0.    0.
  2570. 1619.    0.    0.  521.    0.  756.  351.]
 [ 951. 1305. 1479.    0.  536.    0. 1409.  500.    0. 1773.    0. 2489.
  2248. 1932.  880.    0.  362.  239.    0.  429.]
 [ 758. 1378. 1548.    0.  547.    0. 1518.  221.  945. 1921.    0. 2194.
  2398. 1333.  672.    0.  437.   36.  429.    0.]]
EOF
