NAME:  m50_co_m_wdo_n20
COMMENT: this is testing the generating format
TYPE:  GVRP
DIMENSION:  20
CAPACITY:  100
EDGE_TYPE:  DIRECTED
EDGE_WEIGHT_TYPE:  EXPLICIT
EDGE_WEIGHT_FORMAT:  SPARSE_MATRIX
NODE_COORD_TYPE:  TWOD_COORDS
NODE_COORD_SECTION
0 -6.3909 53.3246
1 -6.3892 53.2952
2 -6.3814 53.3151
3 -6.3661 53.3846
4 -6.3639 53.414
5 -6.3572 53.2772
6 -6.3561 53.3505
7 -6.341 53.3237
8 -6.3191 53.4014
9 -6.3151 53.2652
10 -6.3097 53.3138
11 -6.3078 53.3418
12 -6.3068 53.3435
13 -6.2182 53.3091
14 -6.2147 53.2532
15 -6.214 53.414
16 -6.2039 53.2721
17 -6.1871 53.3974
18 -6.1429 53.2708
19 -6.1284 53.2572
DEPOT_SECTION:
0
-1
DEMAND_SECTION
0 2
1 2
2 2
3 3
4 3
5 1
6 1
7 3
8 3
9 3
10 2
11 1
12 2
13 2
14 1
15 3
16 2
17 1
18 1
19 1
EDGE_WEIGHT_SECTION
[[   0. 2176. 3875. 3702. 4830. 4131. 2587.    0.    0.    0.    0.    0.
  2858. 2118. 4415.    0. 2125. 2611. 1713. 2946.]
 [1891.    0. 2141. 1812.    0. 2564.  839. 1436.  600. 1864. 2202. 1726.
  1118.  152. 2728. 1104. 2095.  644. 2292. 1328.]
 [3367. 2141.    0. 1933.    0.  493.    0. 3278.    0. 2223. 3615.    0.
     0.    0.  917.    0. 3225. 1789. 3877.  964.]
 [3216. 1812. 1933.    0. 3164. 1821. 1673.    0.    0. 1044. 3462.    0.
  2220.    0. 2968.    0. 3282. 1266. 3652. 2170.]
 [4201.    0.    0. 3164.    0. 1574.    0.    0.    0. 3621.    0.    0.
     0.    0.  266.    0.    0.    0.    0.    0.]
 [3587. 2564.  493. 1821. 1574.    0.    0. 3506.    0. 2372. 3942. 3064.
     0.    0. 1262. 2901. 3555. 1911. 4103.    0.]
 [2246.  839.    0. 1673.    0.    0.    0.    0.  737. 1304. 2693. 1102.
   562.  875.    0.  467. 2599.  505. 2567. 1618.]
 [   0. 1436. 3278.    0.    0. 3506.    0.    0.    0. 2492.    0.    0.
  1917. 1422. 3777.    0.    0. 2079. 1022. 2379.]
 [   0.  600.    0.    0.    0.    0.  737.    0.    0. 1799. 2656. 1493.
   923.  907.    0. 1034. 2587.    0. 2014.    0.]
 [   0. 1864. 2223. 1044. 3621. 2372. 1304. 2492. 1799.    0. 3771. 1181.
  1530.    0.    0. 1058. 3395. 1397.    0. 2207.]
 [   0. 2202. 3615. 3462.    0. 3942. 2693.    0. 2656. 3771.    0. 3780.
  3250. 2119. 3501. 3257.  642. 2534. 2712. 2619.]
 [   0. 1726.    0.    0.    0. 3064. 1102.    0. 1493.  694. 3780.    0.
     0. 1761. 3734.  611. 3676. 1393.    0.    0.]
 [2485. 1118.    0. 2220.    0.    0.  562. 1917.  923. 1530. 3250.    0.
     0. 1151.    0.  419. 3160.    0. 2908.    0.]
 [1840.   18.    0.    0.    0.    0.  875. 1422.  491.    0. 2119. 1761.
  1151.    0.    0. 1139. 2000.    0. 2417.    0.]
 [3839. 2728. 1597. 2968.  804. 1262.    0. 3777.    0.    0. 3501. 3734.
     0.    0.    0.    0. 3516. 2580. 4515. 2137.]
 [   0. 1104.    0.    0.    0. 2901.  467.    0. 1034. 1058. 3257.  611.
   786. 1139.    0.    0. 3161.  931.    0.    0.]
 [1847. 2095. 3225. 3282.    0. 3555. 2599.    0. 2587. 3395. 1133. 3676.
  3160. 2000. 3516. 3161.    0. 2379. 2650. 2237.]
 [2267.  644. 1789. 1266.    0. 1911.  505. 2079.    0. 1397. 2534. 1393.
     0.    0. 2580.  931. 2379.    0. 2676. 1327.]
 [1487. 2292. 3877. 3652.    0. 4103. 2567. 1022. 2014.    0. 2712.    0.
  2908. 2417. 4515.    0. 2650. 2676.    0. 2974.]
 [2561. 1328.  964. 2170.    0.    0. 1618. 2379.    0. 2207. 2619.    0.
     0.    0. 1228.    0. 2237. 1327. 2974.    0.]]
EOF
