NAME:  m50_co_m_wdo_n20
COMMENT: Generated by Finucane, Fulcher, O'Sullivan, and Seth (2021)
TYPE:  GVRP
DIMENSION:  20
CAPACITY:  100
EDGE_TYPE:  DIRECTED
EDGE_WEIGHT_TYPE:  EXPLICIT
EDGE_WEIGHT_FORMAT:  SPARSE_MATRIX
NODE_COORD_TYPE:  TWOD_COORDS
NODE_COORD_SECTION
0 -6.3909 53.3246
1 -6.3892 53.2952
2 -6.3814 53.3151
3 -6.3661 53.3846
4 -6.3639 53.414
5 -6.3572 53.2772
6 -6.3561 53.3505
7 -6.341 53.3237
8 -6.3191 53.4014
9 -6.3151 53.2652
10 -6.3097 53.3138
11 -6.3078 53.3418
12 -6.3068 53.3435
13 -6.2182 53.3091
14 -6.2147 53.2532
15 -6.214 53.414
16 -6.2039 53.2721
17 -6.1871 53.3974
18 -6.1429 53.2708
19 -6.1284 53.2572
DEPOT_SECTION:
0
-1
DEMAND_SECTION
0 1
1 3
2 3
3 3
4 1
5 1
6 3
7 2
8 1
9 1
10 1
11 2
12 2
13 2
14 3
15 1
16 1
17 1
18 1
19 2
EDGE_WEIGHT_SECTION
[[   0. 2176. 3877. 3704. 4832. 4133. 2588.  692. 1410. 2837. 1194. 2535.
  2859. 2118. 4417. 2015. 2126. 2612. 1713. 2947.]
 [1891.    0. 2141. 1519.    0. 2564.  839. 1436.  600. 1864. 2202. 1726.
  1118.   52. 2728. 1104. 2095.  644. 2292. 1328.]
 [3367. 2141.    0. 1933.    0.  416.    0. 3278.    0. 2223. 3615. 2119.
     0.    0. 1071. 2086. 3225. 1789. 3877. 1441.]
 [3216. 2757. 1933.    0. 3164. 1821. 2509. 2370.    0. 1539. 3462.    0.
  2220.    0. 2968. 1358. 3282. 1922. 3652. 3260.]
 [4201.    0.    0. 3164.    0. 1335.    0.    0.    0. 3621.    0.    0.
     0.    0.  365.    0.    0.    0.    0.    0.]
 [3587. 2564.  745. 1821. 2390.    0.    0. 3506.    0. 2372. 3942. 3064.
     0.    0. 1959. 2901. 3555. 1911. 4103.    0.]
 [2246.  839.    0. 1424.    0.    0.    0. 1436.  737. 1304. 2693.  938.
   562.  875.    0.  384. 2599.  505. 2567. 1618.]
 [ 598. 1436. 3278. 2370.    0. 3506. 1436.    0.  833. 2492. 1590. 1688.
  1917. 1422. 3777. 1312. 2005. 2079. 1022. 2379.]
 [1218.  600.    0.    0.    0.    0.  737.  833.    0. 1799. 2656. 1493.
   923.  591.    0. 1034. 2587.    0. 2014.    0.]
 [2451. 1864. 2223.  900. 3621. 2372. 1304. 2492. 1799.    0. 3771.  803.
  1530.    0.    0. 1058. 3395. 1397.    0. 2207.]
 [1031. 2202. 3615. 3462.    0. 3942. 2693. 1590. 2656. 3771.    0. 3780.
  3250. 2119. 3501. 3257.  755. 2534. 2712. 2619.]
 [2190. 1726. 2119.    0.    0. 3064. 1654. 1688. 1493.  803. 3780.    0.
     0. 1761. 3734.  611. 3676. 1393.    0.    0.]
 [2485. 1118.    0. 2220.    0.    0.  562. 1917.  923. 1530. 3250.    0.
     0. 1151.    0.  508. 3160.    0. 2908.    0.]
 [1840.   52.    0.    0.    0.    0.  875. 1422.  591.    0. 2119. 1761.
  1151.    0.    0. 1139. 2000.    0. 2417.    0.]
 [3839. 2728. 1071. 2968.  365. 1033.    0. 3777.    0.    0. 3501. 3734.
     0.    0.    0.    0. 3516. 2580. 4515. 1434.]
 [1740. 1104. 2086. 1358.    0. 2901.  723. 1312. 1034. 1058. 3257.  611.
   508. 1139.    0.    0. 3161.  931.    0.    0.]
 [1847. 2095. 3225. 3282.    0. 3555. 2599. 2005. 2587. 3395.  755. 3676.
  3160. 2000. 3516. 3161.    0. 2379. 2650. 2237.]
 [2267.  644. 1789. 1064.    0. 1911.  505. 2079.    0. 1397. 2534. 1393.
     0.    0. 2580.  931. 2379.    0. 2676. 1327.]
 [1487. 2292. 3877. 3652.    0. 4103. 2567. 1022. 2014.    0. 2712.    0.
  2908. 2417. 4515.    0. 2650. 2676.    0. 2974.]
 [2561. 1328.  825. 1845.    0.    0. 1618. 2379.    0. 2207. 2619.    0.
     0.    0. 1434.    0. 2237. 1327. 2974.    0.]]
EOF
