NAME:  DC_ce_m_wdp_n20
COMMENT: this is testing the generating format
TYPE:  GVRP
DIMENSION:  20
CAPACITY:  100
EDGE_TYPE:  DIRECTED
EDGE_WEIGHT_TYPE:  EXPLICIT
EDGE_WEIGHT_FORMAT:  SPARSE_MATRIX
NODE_COORD_TYPE:  TWOD_COORDS
NODE_COORD_SECTION
0 -6.3198 53.3394
1 -6.3153 53.3288
2 -6.3124 53.3251
3 -6.3098 53.3395
4 -6.2907 53.3595
5 -6.2847 53.3636
6 -6.2807 53.3631
7 -6.2746 53.341
8 -6.2676 53.3453
9 -6.266 53.3633
10 -6.2655 53.3536
11 -6.2601 53.3632
12 -6.2592 53.332
13 -6.2543 53.3618
14 -6.241 53.3307
15 -6.2381 53.3262
16 -6.2381 53.3614
17 -6.237 53.3534
18 -6.2269 53.3279
19 -6.2199 53.3345
DEPOT_SECTION:
0
-1
DEMAND_SECTION
0 1
1 1
2 1
3 1
4 2
5 3
6 1
7 2
8 2
9 1
10 1
11 1
12 2
13 2
14 1
15 2
16 2
17 3
18 3
19 1
EDGE_WEIGHT_SECTION
[[   0. 1935. 1567. 1152.  310. 1176. 1860. 1963. 1419.  916. 1900. 2085.
  1706. 1769.  439. 1826. 1485. 1985.  491. 1358.]
 [1509.    0.  554.  652. 1320.  836. 1081.  294.  632.    0. 1450. 1220.
     0.  412. 1569. 1390.  862.  466.    0. 1078.]
 [1223.  554.    0.  595. 1089.  833. 1314.  609.  538. 1082. 1605. 1451.
   302.    0. 1213. 1544.  599. 1008. 1231.  917.]
 [ 897.  652.  595.    0.  711.  226.  776.  737.  306.  436.  954.  913.
   554.  604.  963.  897.  655.  656.  782.  868.]
 [ 400. 1320. 1089.  711.    0.  693. 1227. 1342.  918.  491. 1258.    0.
  1143. 1192.  686. 1201. 1026.    0.  348. 1205.]
 [ 915.  836.  833.  226.  693.    0.  701.  772.  517.  437.  786.  853.
   793.  842. 1044.  731.    0.  692.  766.    0.]
 [1449. 1081. 1314.  776. 1227.  701.    0. 1012.  999. 1002.  582.  266.
  1275. 1323. 1578.  539.    0.  929. 1267.    0.]
 [1529.   97.  609.  737. 1342.  772. 1012.    0.  461. 1177. 1409. 1150.
     0.  366. 1588. 1349.  888.  325.    0. 1102.]
 [1107.  375.  324.  306.  918.  517.  999.  461.    0.    0. 1292. 1136.
   334.  382. 1153. 1232.  570.  596.    0.  786.]
 [ 716.    0. 1082.  436.  491.  437. 1002. 1177.    0.    0. 1017.    0.
     0.    0.  846.  959. 1023. 1095.  537. 1239.]
 [1477. 1450. 1605.  954. 1258.  786.  582. 1409. 1292. 1017.    0.    0.
  1565. 1614. 1605.  251.    0. 1327. 1299.    0.]
 [1625. 1220. 1451.  913.    0.  853.  162. 1150. 1136.    0.    0.    0.
  1412. 1461.    0.    0.    0. 1067.    0.    0.]
 [1333.    0.  117.  554. 1143.  793. 1275.    0.  334.    0. 1565. 1412.
     0.  174. 1299. 1504.  525.    0.    0.  744.]
 [1382.  245.    0.  604. 1192.  842. 1323.  366.  382.    0. 1614. 1461.
   106.    0. 1349. 1553.    0.  531.    0.    0.]
 [ 207. 1569. 1213.  963.  418. 1044. 1578. 1588. 1153.  846. 1605.    0.
  1299. 1349.    0. 1548.  975.    0.    0.  900.]
 [1420. 1390. 1544.  897. 1201.  731.  539. 1349. 1232.  959.  251.    0.
  1504. 1553. 1548.    0.    0. 1266. 1242.    0.]
 [1160.  862.  363.  655. 1026.    0.    0.  888.  570. 1023.    0.    0.
   525.    0.  975.    0.    0. 1025. 1168.  311.]
 [1547.  273.  599.  656.    0.  692.  929.  194.  596. 1095. 1327. 1067.
     0.  531.    0. 1266. 1025.    0. 1420. 1240.]
 [ 231.    0. 1231.  782.  130.  766. 1267.    0.    0.  537. 1299.    0.
     0.    0.    0. 1242. 1168. 1420.    0. 1346.]
 [1055. 1078.  553.  868. 1205.    0.    0. 1102.  786. 1239.    0.    0.
   744.    0.  900.    0.  311. 1240. 1346.    0.]]
EOF
