NAME:  DC_ce_m_wdp_n50
COMMENT: Generated by Finucane, Fulcher, O'Sullivan, and Seth (2021)DIMENSION:  50
CAPACITY:  100
EDGE_TYPE:  DIRECTED
EDGE_WEIGHT_TYPE:  EXPLICIT
EDGE_WEIGHT_FORMAT:  SPARSE_MATRIX
NODE_COORD_TYPE:  TWOD_COORDS
NODE_COORD_SECTION
0 -6.3121 53.3301
1 -6.3103 53.3344
2 -6.3048 53.3262
3 -6.3029 53.3396
4 -6.3 53.3348
5 -6.2953 53.3643
6 -6.2917 53.3429
7 -6.2907 53.3595
8 -6.2899 53.3433
9 -6.2895 53.3394
10 -6.289 53.3542
11 -6.289 53.3605
12 -6.2883 53.3287
13 -6.2811 53.3439
14 -6.2803 53.3406
15 -6.2795 53.3387
16 -6.2795 53.3633
17 -6.2758 53.3507
18 -6.2731 53.3568
19 -6.272 53.3359
20 -6.2716 53.3543
21 -6.2715 53.3469
22 -6.27 53.3303
23 -6.27 53.3462
24 -6.2692 53.3645
25 -6.2688 53.3578
26 -6.266 53.3286
27 -6.2654 53.3415
28 -6.2651 53.3257
29 -6.2642 53.3487
30 -6.2568 53.3263
31 -6.2562 53.3617
32 -6.2517 53.355
33 -6.2463 53.3275
34 -6.2421 53.3334
35 -6.242 53.3596
36 -6.2416 53.352
37 -6.2415 53.3411
38 -6.2402 53.3569
39 -6.2364 53.3503
40 -6.235 53.3565
41 -6.233 53.3639
42 -6.2317 53.35
43 -6.2266 53.3443
44 -6.2262 53.3416
45 -6.2256 53.3275
46 -6.2231 53.3269
47 -6.2225 53.3379
48 -6.2132 53.341
49 -6.213 53.3252
DEPOT_SECTION:
0
-1
DEMAND_SECTION
0 1
1 3
2 1
3 1
4 1
5 1
6 2
7 2
8 2
9 3
10 3
11 1
12 3
13 2
14 1
15 2
16 1
17 1
18 1
19 3
20 2
21 2
22 2
23 3
24 2
25 2
26 3
27 3
28 1
29 2
30 1
31 1
32 1
33 1
34 3
35 1
36 3
37 1
38 3
39 2
40 1
41 3
42 3
43 3
44 1
45 3
46 3
47 1
48 3
49 1
EDGE_WEIGHT_SECTION
[[   0. 2469. 2335. 1094.  932. 1565.  975. 1123. 1885. 1087. 1679. 1447.
  1947.  420. 1897. 1863. 1409. 1760. 1735. 1644. 1840.  679. 1397. 1203.
   324. 1222. 1351. 1588.  731.  825.  649. 1748. 2260. 1329. 1115.  992.
  1066. 1284. 1620. 1972. 1991. 1054. 1906.  758. 1875. 1061.  796. 1309.
  1261. 1502.]
 [1894.    0.  318.    0.    0. 1059.    0.    0.    0.    0.    0.    0.
   467.    0.    0.    0.  831.    0.    0.    0.    0.    0. 1165.    0.
     0.    0.    0.    0.    0.    0.    0.    0.    0.    0.    0.    0.
     0.    0.    0.    0.  592.    0.    0.    0.    0.    0.    0.    0.
     0. 1292.]
 [1794.  318.    0.    0.    0. 1061.    0.    0.    0.    0.    0.    0.
   458.    0.    0.    0.  833.    0.    0.    0.    0.    0.    0.    0.
     0.    0.    0.    0.    0.    0.    0.    0.  170.    0.    0.    0.
     0.    0.    0.    0.  591.    0.    0.    0.    0.    0.    0.    0.
     0.    0.]
 [ 842.    0.    0.    0.    0.    0.    0.    0.    0.    0.  673.  236.
     0.    0.    0.  751.    0.    0.    0.  414.    0.    0.    0.    0.
     0.    0.    0.    0.    0.    0.    0.  512.    0.    0.    0.    0.
     0.    0.    0.    0.    0.   87.  634.    0.    0.    0.    0.    0.
     0.    0.]
 [ 717.    0.    0.    0.    0. 1035.  743.  147.  794.  223.  575.    0.
  1083.  585.  951.  718.    0.  649.  633.  503.  906.  643.  905.  562.
   503.  236.  778.    0.  814.  301.  555.  731. 1165.  324.  226.  528.
   406.  478.  737.  825.    0.  233.  805.  625.  740.  603.  361.  738.
   812.  998.]
 [1202. 1059. 1061.    0. 1035.    0.  591. 1058.    0.  924. 1432.    0.
   614. 1044.  959.    0.  390.    0.    0.    0.  917.  978.  296.  764.
  1160.    0.    0.    0.  853.  941.  816.    0. 1031. 1082. 1098.  942.
   843.  843.  668.    0.  735.    0.    0.  829. 1364.  778. 1175.  672.
   417.  472.]
 [ 751.    0.    0.    0.  743.  591.    0.  846.    0.  651. 1203.    0.
   924.  584.  906.    0.    0.    0.    0.    0.  864.  492.  523.  569.
   651.    0.  471. 1086.  302.  565.  329.    0.    0.  854.  841.  501.
   522.  673.  703.    0.    0.    0.    0.  412.    0.  330.  666.  394.
   319.  539.]
 [ 863.    0.    0.    0.  251. 1058.  846.    0.  638.  426.  386.  484.
     0.    0.  950.  559.    0.  448.  435.  461.  904.    0.  930.  600.
     0.  291.  812.  490.  911.  406.  658.  835.  952.  212.  220.  915.
   596.  356.  681.  669.  941.    0.  647.  785.  901.  688.    0.  769.
   895. 1036.]
 [1447.    0.    0.    0.  794.    0.    0.  638.    0.  769.  748. 1106.
     0.    0.  438.  999.    0.  485.  469.  931.  396.    0.    0.  749.
  1284.    0.    0.  566. 1188.  875.  956. 1070.  388.  703.  751. 1077.
   773.  511.  426.  336.  368.    0. 1152.  965.  500.    0. 1145.    0.
     0.    0.]
 [ 837.    0.    0.    0.  223.  924.  651.  243.  769.    0.  682.    0.
   975.  705.  858.    0.    0.  635.  618.    0.  813.  690.  794.  403.
   623.    0.  668.  516.  748.  257.  486.    0. 1055.  303.  342.  485.
   270.  257.  685.    0.    0.    0.    0.  386.  726.  577.  481.  628.
   722.  901.]
 [1292.    0.    0.  673.  575. 1432. 1203.  386.  748.  682.    0.  493.
     0.    0. 1099.  328.    0.  435.  422.  324. 1053.    0. 1302.  795.
     0.  451. 1244.  375. 1342.    0. 1054.  491. 1065.  454.    0. 1050.
   764.  610. 1015.  747. 1052.    0.  565.  955.  553. 1122.    0. 1200.
  1268. 1409.]
 [1114.    0.    0.  391.    0.    0.    0.  484. 1106.    0.  493.    0.
     0.    0.    0.  565.    0.  789.  773.  351.    0.    0.    0.    0.
     0.  342.    0.  672.    0.    0.    0.  577. 1428.    0.  529.    0.
     0.    0.    0. 1105. 1410.    0.  757.    0.  904.    0.    0.    0.
     0.    0.]
 [1491.  467.  458.    0. 1083.  614.  924.    0.    0.  975.    0.    0.
     0. 1336.    0.    0.  389.    0.    0.    0.  233. 1259.  720.  851.
  1445.    0.    0.    0. 1118. 1081. 1048.    0.  659.    0.    0. 1167.
   981.    0.    0.    0.  309.    0.    0. 1059.    0.  803. 1342.  545.
   797.  848.]
 [ 196.    0.    0.    0.  585. 1044.  584.    0.    0.  705.    0.    0.
  1336.    0. 1298.    0.    0. 1221. 1202.    0. 1254.  190.  915.  791.
   143.    0.  880. 1089.  404.  504.  342. 1184.    0.  890.    0.  357.
   640.  857. 1086. 1385.    0.  679. 1306.  424. 1310.  657.  282.  847.
   810.  995.]
 [1456.    0.    0.    0.  951.  959.  906.  950.  438.  858. 1099.    0.
     0. 1298.    0. 1350.    0.  836.  820. 1283.  119. 1229.  829.  751.
  1370.    0.  514.  857. 1100. 1038.  953. 1421.    0.  966.  982. 1074.
   933.  725.  328.    0.    0.    0. 1503. 1021.  796.  783. 1232.  512.
   817.  936.]
 [1433.    0.    0.  751.  718.    0.    0.  559.  999.    0.  328.  565.
     0.    0. 1350.    0.    0.  686.  672.  376. 1305.    0.    0.    0.
     0.  614.    0.  636.    0.    0.    0.  372. 1316.  722.    0.    0.
     0.    0. 1258.  998. 1303.    0.  307.    0.  804.    0.    0.    0.
     0.    0.]
 [1079.  831.  833.    0.    0.  390.    0.    0.    0.    0.    0.    0.
   389.    0.    0.    0.    0.    0.    0.    0.    0.    0.  498.    0.
     0.    0.   79.    0.    0.    0.    0.    0.  802.    0.    0.    0.
     0.    0.    0.    0.  512.    0.    0.    0.    0.    0.    0.    0.
     0.  907.]
 [1352.    0.    0.    0.  649.    0.    0.  448.  485.  635.  435.  789.
     0. 1221.  836.  686.    0.    0.   55.  616.  792.    0.    0.    0.
  1139.  630.    0.  230.    0.    0.    0.  755.  809.  417.    0.    0.
     0.  356.  653.  539.  789.    0.  838.    0.  345.    0.  999.    0.
     0.    0.]
 [1332.    0.    0.    0.  633.    0.    0.  435.  469.  618.  422.  773.
     0. 1202.  820.  672.    0.  169.    0.  602.  775.    0.    0.    0.
  1120.  615.    0.  215.    0.    0.    0.  740.  791.  400.    0.    0.
     0.  341.  636.  511.  773.    0.  824.    0.  461.    0.  981.    0.
     0.    0.]
 [1269.    0.    0.  414.  503.    0.    0.  461.  931.    0.  324.  214.
     0.    0. 1283.  376.    0.  616.  602.    0. 1238.    0.    0.    0.
     0.  319.    0.  497.    0.    0.    0.  279. 1251.    0.  506.    0.
     0.    0. 1203.  930. 1235.    0.  356.    0.  733.    0.    0.    0.
     0.    0.]
 [1413.    0.    0.    0.  906.  917.  864.  904.  396.  813. 1053.    0.
   233. 1254.  119. 1305.    0.  792.  775. 1238.    0. 1186.  787.  706.
  1326.    0.  469.  812. 1058.  921.  910. 1376.    0.  922.  937. 1031.
   819.  680.  379.    0.  177.    0. 1457.  979.  753.  741. 1188.  468.
   775.  895.]
 [ 305.    0.    0.    0.  643.  978.  492.    0.    0.  690.    0.    0.
  1259.  190. 1229.    0.    0.    0.    0.    0. 1186.    0.  848.    0.
   254.    0.  806. 1090.  214.  505.  233.    0.    0.  893.    0.  287.
   612.    0. 1023.    0.    0.  740.    0.  356.    0.  588.  347.  777.
   742.  929.]
 [1073. 1165.    0.    0.  905.  180.  523.  930.    0.  794. 1302.    0.
   720.  915.  829.    0.  498.    0.    0.    0.  787.  848.    0.  634.
  1030.    0.  349.    0.  709.  811.  685.    0.    0.  952.  969.  811.
   713.  713.  552.    0.  840.    0.    0.  699. 1233.  407. 1045.  325.
   333.  452.]
 [ 927.    0.    0.    0.  336.  764.  569.  343.  749.  240.  795.    0.
   851.  791.  751.    0.    0.    0.    0.    0.  706.    0.  634.    0.
   705.    0.  545.  617.  692.  290.  422.    0. 1038.  416.  459.    0.
   184.  268.  563.  810.    0.    0.    0.  329.    0.  400.  558.  517.
   622.  742.]
 [ 250.    0.    0.    0.  503. 1160.  651.    0. 1284.  623.    0.    0.
  1445.  235. 1370.    0.    0. 1139. 1120.    0. 1326.  433. 1030.  705.
     0.    0.  991. 1007.  516.  421.  452. 1101. 1572.  808.    0.  420.
   558.  774. 1159. 1303.    0.  597. 1224.  488. 1228.  771.  278.  961.
   925. 1111.]
 [ 940.    0.    0.    0.  236.    0.    0.  171.    0.    0.  451.  342.
     0.    0.    0.  614.    0.  630.  615.  319.    0.    0.    0.    0.
     0.    0.    0.  583.    0.    0.    0.  547.    0.    0.  242.    0.
     0.    0.    0.    0.    0.    0.  619.    0.    0.    0.    0.    0.
     0.    0.]
 [1036.    0.    0.    0.  778.    0.  471.  812.    0.  668. 1244.    0.
     0.  880.  514.    0.   43.    0.    0.    0.  469.  806.  349.  545.
   991.    0.    0.    0.  664.  743.  640.    0.    0.  828.  844.  741.
   718.  590.  439.    0.    0.    0.    0.  673.    0.  348. 1005.  210.
   337.  442.]
 [1220.    0.    0.    0.    0.    0. 1086.  284.  566.  516.  375.  672.
     0. 1089.  857.  636.    0.  230.  215.  497.  812. 1090.    0.  617.
  1007.  583.    0.    0. 1143.  666.  891.  635.  828.  299.    0.  901.
   611.  342.  694.  563.  809.    0.  718.  799.  370.  947.  867.    0.
     0.    0.]
 [ 561.    0.    0.    0.  814.  853.  302.  911. 1188.  748. 1342.    0.
  1118.  404. 1100.    0.    0.    0.    0.    0. 1058.  359.  709.  692.
   516.    0.  664. 1143.    0.  564.  332.    0. 1479.  947.  909.  495.
   645.  797.  894. 1361.    0.    0.    0.  593.    0.  518.  531.  564.
   608.  800.]
 [ 635.    0.    0.    0.  301.  941.  565.  406.  875.  257.    0.    0.
  1081.  504. 1038.    0.    0.    0.    0.    0.  921.  505.  811.  290.
   421.    0.  743.  666.  564.    0.  313.    0. 1160.  449.  399.  399.
   253.  394.  808.    0.    0.  413.    0.  269.    0.  495.  279.  709.
   705.  892.]
 [ 497.    0.    0.    0.  555.  816.  329.  658.  956.  486. 1054.    0.
  1048.  342.  953.    0.    0.    0.    0.    0.  910.  393.  685.  422.
   452.    0.  640.  891.  332.  313.    0.    0. 1247.  666.  653.  369.
   517.  527.  743. 1012.    0.    0.    0.  230.    0.  373.  467.  614.
   579.  767.]
 [1346.    0.    0.  512.  731.    0.    0.  490. 1070.    0.  491.  345.
     0. 1184. 1421.  372.    0.  755.  740.  279. 1376.    0.    0.    0.
  1101.  547.    0.  635.    0.    0.    0.    0. 1389.    0.  732.    0.
     0.    0. 1337. 1069. 1374.    0.  225.    0.  872.    0.  961.    0.
     0.    0.]
 [1736.    0.   22.    0. 1165. 1031.    0.  952.  388. 1055. 1065. 1428.
   388.    0.    0. 1316.  802.  809.  791. 1251.    0.    0.    0. 1038.
  1572.    0.    0.  828. 1479. 1160. 1247. 1389.    0. 1029. 1071. 1368.
  1057.  833.  563.  493.  360.    0. 1469. 1255.  808.    0. 1432.    0.
     0.    0.]
 [1021.    0.    0.    0.  324. 1082.  854.  119.  703.  303.  454.    0.
     0.  890.  966.  722.    0.  417.  400.    0.  922.  893.  952.  416.
   808.    0.  828.  299.  947.  449.  666.    0. 1029.    0.    0.  694.
   400.  244.  796.  710. 1002.    0.    0.  597.  573.  708.  667.  787.
   918. 1059.]
 [ 858.    0.    0.    0.  135. 1098.  841.   71.  751.  342.    0.  529.
     0.    0.  982.    0.    0.    0.    0.  506.  937.    0.  969.  459.
     0.  242.  844.    0.  909.  399.  653.  732. 1071.    0.    0.  624.
   391.  341.  767.  782.    0.    0.  811.  530.    0.  704.    0.  871.
   913. 1076.]
 [ 444.    0.    0.    0.  528.  942.  501.  543. 1077.  485. 1050.    0.
  1167.  357. 1074.    0.    0.    0.    0.    0. 1031.  287.  811.    0.
   420.    0.  741.  901.  299.  241.  222.    0. 1368.  694.  624.    0.
   402.    0.  865.    0.    0.    0.    0.  129.    0.  494.  435.  752.
   706.  893.]
 [ 824.    0.    0.    0.  244.  843.  522.  354.  773.  163.  764.    0.
   981.  640.  933.    0.    0.    0.    0.    0.  819.  612.  713.  184.
   558.    0.  718.  611.  645.  152.  314.    0. 1057.  400.  391.  402.
     0.  288.  703.    0.    0.    0.    0.  273.    0.  400.  416.  681.
   608.  794.]
 [ 987.    0.    0.    0.  285.  843.  673.  201.  511.  257.  610.    0.
     0.  857.  725.    0.    0.  356.  341.    0.  680.    0.  713.  268.
   774.    0.  590.  342.  797.  394.  527.    0.  833.  244.  341.    0.
   288.    0.  536.  542.    0.    0.    0.  436.  449.  534.  634.  549.
   701.  820.]
 [1245.    0.    0.    0.  737.  668.  703.  681.  258.  685. 1015.    0.
     0. 1086.  328. 1258.    0.  653.  636. 1203.  222. 1023.  552.  563.
  1159.    0.  255.  694.  894.  808.  743. 1337.  563.  796.  767.  865.
   703.  536.    0.  514.  347.    0. 1409.  795.  664.  580. 1019.  302.
   542.  648.]
 [1513.    0.    0.    0.  825.    0.    0.  669.  203.    0.  747. 1105.
     0. 1385.    0.  998.    0.  539.  511.  930.    0.    0.    0.  810.
  1303.    0.    0.  563. 1361.    0. 1012. 1069.  493.  710.  782.    0.
     0.  542.  514.    0.    0.    0. 1150.    0.  430. 1053. 1165.    0.
     0.    0.]
 [1528.  356.  355.    0.    0.  735.    0.  941.  368.    0. 1052. 1410.
    97.    0.    0. 1303.  512.  789.  773. 1235.  100.    0.  840.    0.
     0.    0.    0.  809.    0.    0.    0. 1374.  360. 1002.    0.    0.
     0.    0.  347.    0.    0.    0. 1456.    0.  748.    0.    0.    0.
     0.    0.]
 [ 811.    0.    0.   11.  140.    0.    0.    0.    0.    0.    0.    0.
     0.  679.    0.    0.    0.    0.    0.    0.    0.  740.    0.    0.
   597.    0.    0.    0.    0.  413.    0.    0.    0.    0.    0.    0.
     0.    0.    0.    0.    0.    0.    0.    0.    0.    0.  455.    0.
     0.    0.]
 [1467.    0.    0.  634.  805.    0.    0.  647. 1152.    0.  565.  450.
     0. 1306. 1503.  173.    0.  838.  824.  356. 1457.    0.    0.    0.
  1224.  619.    0.  718.    0.    0.    0.  225. 1469.    0.  811.    0.
     0.    0. 1409. 1150. 1456.    0.    0.    0.  955.    0. 1083.    0.
     0.    0.]
 [ 581.    0.    0.    0.  376.  829.  412.  463.  965.  386.  955.    0.
  1059.  424. 1021.    0.    0.    0.    0.    0.  979.  356.  699.  329.
   488.    0.  673.  799.  357.  163.  139.    0. 1255.  597.  530.  129.
   273.  436.  795.    0.    0.    0.    0.    0.    0.  383.    0.  635.
   593.  780.]
 [1440.    0.    0.    0.  740. 1364.    0.  533.  500.  726.  553.  904.
     0. 1310.  796.  804.    0.  345.  274.  733.  753.    0. 1233.    0.
  1228.    0.    0.  370.    0.    0.    0.  872.  808.  573.    0.    0.
     0.  449.  664.  430.  748.    0.  955.    0.    0.    0. 1088.    0.
  1222. 1342.]
 [ 815.    0.    0.    0.  603.  474.  330.  688.    0.  577. 1122.    0.
   803.  657.  783.    0.    0.    0.    0.    0.  741.  588.  407.  400.
   771.    0.  348.  947.  518.  495.  373.    0.    0.  708.  704.  494.
   400.  534.  580. 1053.    0.    0.    0.  383.    0.    0.  766.  338.
   282.  468.]
 [ 372.    0.    0.    0.  361. 1175.  666.    0. 1145.  481.    0.    0.
  1342.  282. 1232.    0.    0.  999.  981.    0. 1188.  347. 1045.  558.
   167.    0. 1005.  867.  531.  279.  467.  961. 1432.  667.    0.  435.
   416.  634. 1019. 1165.    0.  455. 1083.    0. 1088.  766.    0.  976.
   940. 1126.]
 [1004.    0.    0.    0.  738.  397.  394.  769.    0.  628. 1200.    0.
   545.  847.  512.    0.    0.    0.    0.    0.  468.  777.  325.  517.
   961.    0.   61.    0.  564.  709.  614.    0.    0.  787.  871.  752.
   681.  549.  302.    0.    0.    0.    0.  635.    0.  338.  976.    0.
   315.  421.]
 [ 968.    0.    0.    0.  812.  255.  319.  895.    0.  722. 1268.    0.
   797.  810.  817.    0.    0.    0.    0.    0.  775.  742.  204.  622.
   925.    0.  337.    0.  608.  705.  579.    0.    0.  918.  913.  706.
   608.  701.  542.    0.    0.    0.    0.  593. 1222.  282.  940.  315.
     0.  258.]
 [1154. 1292.    0.    0.  998.  284.  539. 1036.    0.  901. 1409.    0.
   848.  995.  936.    0.  546.    0.    0.    0.  895.  929.  272.  742.
  1111.    0.  442.    0.  800.  892.  767.    0.    0. 1059. 1076.  893.
   794.  820.  648.    0.    0.    0.    0.  780. 1342.  468. 1126.  421.
   258.    0.]]
EOF
