NAME:  DC_co_m_wdp_n20
COMMENT: Generated by Finucane, Fulcher, O'Sullivan, and Seth (2021)
TYPE:  GVRP
DIMENSION:  20
CAPACITY:  100
EDGE_TYPE:  DIRECTED
EDGE_WEIGHT_TYPE:  EXPLICIT
EDGE_WEIGHT_FORMAT:  SPARSE_MATRIX
NODE_COORD_TYPE:  TWOD_COORDS
NODE_COORD_SECTION
0 -6.315 53.33
1 -6.3146 53.3396
2 -6.3125 53.3306
3 -6.2904 53.3637
4 -6.287 53.3637
5 -6.2849 53.3497
6 -6.2785 53.3588
7 -6.2654 53.3415
8 -6.2642 53.3601
9 -6.2615 53.3287
10 -6.2612 53.3648
11 -6.2611 53.3519
12 -6.2607 53.3584
13 -6.2579 53.3634
14 -6.2571 53.3277
15 -6.2498 53.3543
16 -6.2481 53.3461
17 -6.2276 53.3468
18 -6.2243 53.3264
19 -6.2183 53.3638
DEPOT_SECTION:
0
-1
DEMAND_SECTION
0 0
1 1
2 1
3 1
4 1
5 2
6 3
7 1
8 2
9 1
10 1
11 2
12 3
13 1
14 2
15 1
16 3
17 1
18 2
19 2
EDGE_WEIGHT_SECTION
[[   0. 2191. 3696. 4983. 3160. 4365. 5004. 4423. 4747. 2400. 4774. 4201.
  3954. 4205. 2267. 3070. 4500. 2387. 2717. 4826.]
 [ 686.    0.  657. 1435.  446.  718.    0.  824. 1593.  972.    0.  978.
     0.  754.  955.  584.    0.  367.  659. 1616.]
 [1185.  657.    0. 1209.  254.  833.    0.  234. 1351.  881.    0.  567.
    87.  164.    0.  196.    0.  426.  489. 1372.]
 [1584. 1435. 1209.    0.    0. 1857. 1128. 1394.  459.  967. 1055.  677.
  1222. 1324.  902. 1022. 1030. 1130.  889.  485.]
 [1013.  446.  254.    0.    0.  699.    0.  446.    0.  867.    0.    0.
     0.  375.  850.  189.    0.  283.  465.    0.]
 [1382.  718.  833. 1857.  699.    0.    0.    0. 2008. 1537.    0. 1289.
   904.  768. 1519.    0.    0.  952. 1127. 2030.]
 [1587.    0.    0. 1128.    0.    0.    0.  609. 1359. 1269.   85.  464.
   434.    0. 1198.  619.  290.    0.  927. 1376.]
 [1418.  824.  234. 1394.  446.    0.  609.    0. 1534.    0.  525.  752.
   252.  175.    0.  428.  498.    0.  732. 1554.]
 [1502. 1593. 1351.  459.    0. 2008. 1359. 1534.    0.  894. 1286.  910.
  1364. 1464.  828. 1294. 1262. 1361.  868.   28.]
 [ 777.  972.  881.  967.  867. 1537. 1269.    0.  894.    0. 1200.  876.
     0.    0.   97.  687. 1128.  687.  390.  920.]
 [1513.    0.    0. 1055.    0.    0.   85.  525. 1286. 1200.    0.  436.
   362.  549. 1129.  545.  213.    0.  857. 1304.]
 [1341.  978.  567.  677.    0. 1289.  464.  752.  910.  876.  436.    0.
   581.  682.  806.  453.  345.  725.  532.  929.]
 [1268.    0.   87. 1222.    0.  904.  434.  252. 1364.    0.  362.  581.
     0.  170.    0.  257.  234.    0.  562. 1385.]
 [1348.  754.  164. 1324.  375.  768.    0.  175. 1464.    0.  549.  682.
   170.    0.    0.  357.    0.    0.  662. 1484.]
 [ 726.  955.    0.  902.  850. 1519. 1198.    0.  828.   97. 1129.  806.
     0.    0.    0.    0. 1130.  670.  320.  854.]
 [ 977.  584.  196. 1022.  189.    0.  619.  428. 1294.  687.  545.  453.
   257.  357.    0.    0.  459.  325.  295. 1321.]
 [1433.    0.    0. 1030.    0.    0.  290.  498. 1262. 1128.  213.  580.
   390.    0. 1130.  459.    0.    0.  756. 1282.]
 [ 766.  367.  426. 1130.  283.  952.    0.    0. 1361.  687.    0.  725.
     0.    0.  670.  325.    0.    0.  332. 1388.]
 [ 862.  659.  489.  889.  465. 1127.  927.  732.  868.  390.  857.  532.
   562.  662.  320.  295.  756.  332.    0.  893.]
 [1525. 1616. 1372.  485.    0. 2030. 1376. 1554.   50.  920. 1304.  929.
  1385. 1484.  854. 1321. 1282. 1388.  893.    0.]]
EOF
