NAME:  DC_co_m_wdp_n50
COMMENT: Generated by Finucane, Fulcher, O'Sullivan, and Seth (2021)
TYPE:  GVRP
DIMENSION:  50
CAPACITY:  100
EDGE_TYPE:  DIRECTED
EDGE_WEIGHT_TYPE:  EXPLICIT
EDGE_WEIGHT_FORMAT:  SPARSE_MATRIX
NODE_COORD_TYPE:  TWOD_COORDS
NODE_COORD_SECTION
0 -6.3164 53.3338
1 -6.3077 53.3394
2 -6.3058 53.3273
3 -6.3049 53.36
4 -6.3047 53.3613
5 -6.3039 53.339
6 -6.3028 53.3284
7 -6.3028 53.3353
8 -6.3027 53.329
9 -6.3027 53.3592
10 -6.299 53.3365
11 -6.298 53.341
12 -6.297 53.358
13 -6.2962 53.3543
14 -6.2953 53.3643
15 -6.2934 53.3614
16 -6.2926 53.3487
17 -6.2883 53.3304
18 -6.2858 53.332
19 -6.2841 53.3627
20 -6.2803 53.3419
21 -6.2791 53.3428
22 -6.2751 53.3608
23 -6.2714 53.3603
24 -6.2701 53.3312
25 -6.2698 53.3592
26 -6.2686 53.334
27 -6.2679 53.3568
28 -6.2669 53.3542
29 -6.2668 53.3569
30 -6.264 53.3262
31 -6.2585 53.3453
32 -6.2579 53.3556
33 -6.2571 53.3575
34 -6.2533 53.3326
35 -6.2494 53.3537
36 -6.2493 53.3441
37 -6.2482 53.3533
38 -6.2432 53.361
39 -6.2424 53.3602
40 -6.2419 53.3639
41 -6.2408 53.3442
42 -6.2392 53.3358
43 -6.2391 53.3387
44 -6.2389 53.3258
45 -6.2338 53.3396
46 -6.2322 53.3347
47 -6.2244 53.3378
48 -6.2205 53.363
49 -6.2153 53.3354
DEPOT_SECTION:
0
-1
DEMAND_SECTION
0 3
1 3
2 2
3 1
4 3
5 2
6 2
7 2
8 2
9 3
10 1
11 3
12 1
13 3
14 3
15 3
16 3
17 1
18 3
19 3
20 3
21 2
22 1
23 3
24 2
25 2
26 2
27 3
28 2
29 3
30 1
31 1
32 1
33 2
34 3
35 1
36 2
37 2
38 3
39 2
40 3
41 1
42 1
43 2
44 3
45 1
46 1
47 2
48 3
49 1
EDGE_WEIGHT_SECTION
[[   0.  886.  699.  669.  532. 1621.   61. 1273.  529.  891.  994. 1309.
   778.  939.  819. 1381. 1006. 1284.  430.  799. 1107.  958. 1179. 1197.
   968.  645. 1419. 1134.  882.  990.  961.  958.  574.  927. 1116. 1251.
   934.  582.  840.  982. 1125.  690.  784. 1124.  960. 1811.  582.  810.
  1048. 1077.]
 [ 617.    0.    0.  851.    0. 1414.    0.    0.    0.    0.    0. 1146.
     0.    0.    0.    0.    0.    0.  645.  166.    0.    0.    0.    0.
     0.  165.    0.    0.    0.    0.    0.    0.  544.    0. 1037.  303.
   232.    0.    0.    0.    0.  289.    0. 1005.    0.    0.  354.  673.
     0. 1037.]
 [ 485.    0.    0.  632.  750.    0.  443.    0.  286.  134.  339.    0.
   930.    0.   87.    0. 1108.  530.  604.  936.  801.  538.  851.  470.
     0.  842.    0.  819.  644.    0.  198.  697.    0.    0.  954.    0.
  1061.  525.  195.    0.    0.  902.  413.  716.    0.    0.  825.  761.
     0.    0.]
 [ 458.  851.  632.    0.    0.  700.  448.    0.  354.  709.  720.  462.
     0.    0.  683.    0.  905.    0.  289.    0. 1163.  441. 1213.    0.
     0.    0.    0. 1183. 1009.  683.    0. 1061.  309.    0.  325. 1071.
   854.  813.  779. 1074.    0.  600.  406.  295.    0.    0.  527.  312.
     0.  328.]
 [ 369.    0.  750.    0.    0.    0.  328.    0.    0.    0.  953.    0.
   308.  791.  831.    0.    0. 1153.    0.  279.  915.    0.  965. 1093.
   819.  313.    0.  934.  759.  950.    0.  812.    0.    0.    0.    0.
     0.  507.  845.  829.    0.    0.    0.    0.    0.    0.    0.    0.
     0.    0.]
 [1117. 1414.    0.  700.    0.    0.    0.    0.    0.    0.    0.  325.
     0.    0.    0.    0. 1472.  943.    0.    0.    0.  467.    0.  931.
     0.    0.  143.    0.    0.    0.    0.    0.  941.    0.  570. 1637.
  1418.    0.    0.    0.    0. 1167.  605.    0.    0. 1027.    0.  969.
     0.    0.]
 [  43.    0.  443.  448.  328.    0.    0.    0.  325.    0.  646.    0.
   525.  610.  527.    0.  679.  846.  285.  514.  727.    0.  777.  787.
   629.  432.    0.  745.  570.  644.    0.  623.    0.    0.    0.    0.
   630.  363.  539.  640.    0.  467.    0.  736.    0.    0.  391.    0.
     0.  704.]
 [ 881.    0.    0.    0.    0.    0.    0.    0.    0.    0.    0.  166.
     0.    0.    0.    0.    0.    0.    0.    0.    0.  194.    0.    0.
     0.    0.  203.    0.    0.    0.    0.    0.    0.    0.    0.    0.
     0.    0.    0.    0.    0.    0.  363.  169.    0.    0.    0.    0.
     0.  146.]
 [ 365.    0.  286.  354.    0.    0.  325.    0.    0.  365.  323.    0.
   808.    0.  337.    0.  873.    0.  346.    0.  948.  311.  997.    0.
     0.  721.    0.  966.  792.  320.    0.  845.  440.    0.  675.    0.
   819.  592.  347.    0.    0.  688.  179.  436.    0.    0.  616.  518.
     0.    0.]
 [ 618.    0.  134.  709.    0.    0.    0.    0.  365.    0.  422.    0.
     0.    0.  131.    0.    0.  569.    0.    0.    0.  619.    0.  509.
     0.    0.    0.    0.    0.    0.  239.    0.    0.  204. 1033.    0.
     0.    0.  236.    0.    0.    0.  493.  796.    0.    0.    0.    0.
     0.    0.]
 [ 687.    0.  339.  720.  953.    0.  646.    0.  323.  422.    0.    0.
  1134.    0.  393.    0. 1183.  320.    0. 1138.    0.  384.    0.  258.
     0. 1046.    0.    0.    0.   58.  224.    0.    0.  449.  933.    0.
  1130.  789.  180.    0.    0. 1002.  295.  642.    0.  658.  930.    0.
     0.  557.]
 [ 905. 1146.    0.  462.    0.  325.    0.  166.    0.    0.    0.    0.
     0.    0.    0.    0. 1204.    0.    0.    0.    0.    0.    0.    0.
     0.    0.  206.    0.    0.    0.    0.    0.  744.    0.  280. 1370.
  1151.    0.    0.    0.    0.  899.    0.  144.    0.    0.    0.  704.
     0.  142.]
 [ 541.    0.  930.    0.  308.    0.  525.    0.  808.    0. 1134.    0.
     0. 1007. 1013.    0.    0. 1335.  695.   64.    0.    0.    0. 1275.
     0.  148.    0.    0.    0. 1132.    0.    0.    0.    0.    0.    0.
     0.    0. 1026.    0.    0.    0.    0.    0.    0.    0.    0.    0.
     0. 1188.]
 [ 651.    0.    0.    0.  791.    0.  610.    0.    0.    0.    0.    0.
  1007.    0.    0.    0. 1219.  660.  844.  978.  511.    0.  561.  870.
   164.  952.    0.  530.  357.  833.  335.  409.    0.  181.    0.    0.
  1170.  601.  334.  243.    0. 1046.    0.    0.    0.    0.  972.    0.
   279.    0.]
 [ 568.    0.   87.  683.  831.    0.  527.    0.  337.  131.  393.    0.
  1013.    0.    0.    0. 1191.  579.  689. 1016.    0.  591.    0.  518.
     0.  925.    0.    0.    0.    0.  237.    0.    0.   75. 1006.    0.
  1144.  625.  223.    0.    0.  987.  465.  768.    0.    0.  910.  842.
   168.    0.]
 [ 955.    0.    0.    0.    0.    0.    0.    0.    0.    0.    0.    0.
     0.    0.    0.    0.    0.    0.    0.    0.    0.    0.    0.  136.
     0.    0.    0.    0.    0.    0.    0.    0.    0.    0.    0.    0.
     0.    0.    0.    0.    0.    0.    0.    0.    0.  470.    0.    0.
     0.    0.]
 [ 695.    0. 1108.  905.    0. 1472.  679.    0.  873.    0. 1183. 1204.
     0. 1219. 1191.    0.    0. 1514.  698.    0.    0.    0.    0. 1454.
  1246.  343.    0.    0.    0. 1181.    0.    0.  684.    0. 1095.  341.
    63.    0. 1205. 1254.    0.  362.    0. 1063.    0.    0.  405.  733.
     0. 1095.]
 [ 887.    0.  530.    0. 1153.  943.  846.    0.    0.  569.  320.    0.
  1335.  660.  579.    0. 1514.    0.  964. 1339.    0.  497.    0.  103.
     0. 1246.    0.    0.    0.  266.  340.    0.    0.  593.    0.    0.
  1464. 1004.  363.    0.    0. 1266.    0.    0.    0.  469. 1192.    0.
     0.    0.]
 [ 295.  645.  604.  289.    0.    0.  285.    0.  346.    0.    0.    0.
   695.  844.  689.    0.  698.  964.    0.    0. 1006.  695. 1056.  904.
   909.    0.    0. 1025.  849.    0.  761.  902.  102.    0.    0.  864.
   647.  649.  708.  916.    0.  393.  513.    0.    0.    0.  320.  282.
     0.  629.]
 [ 555.  166.  936.    0.  279.    0.  514.    0.    0.    0. 1138.    0.
    64.  978. 1016.    0.    0. 1339.    0.    0.  949.    0.  999. 1279.
   951.    0.    0.  968.  747. 1136.    0.  846.    0.    0.    0.  316.
   324.  521. 1030.  962.    0.    0.    0.    0.    0.    0.    0.    0.
     0.    0.]
 [ 768.    0.  801. 1163.  915.    0.  727.    0.  948.    0.    0.    0.
     0.  511.    0.    0.    0.    0. 1006.  949.    0. 1234.  112.    0.
   503. 1076.    0.   74.  300.    0.    0.  189.    0.    0.    0.    0.
     0.  809.    0.  448.  482. 1200. 1110. 1375.    0.    0. 1057.    0.
     0. 1343.]
 [ 663.    0.  538.  441.    0.  467.    0.  194.  311.  619.  384.    0.
     0.    0.  591.    0.    0.  497.  695.    0. 1234.    0. 1284.  542.
     0.    0.    0. 1253. 1079.  355.  517. 1132.    0.    0.    0.    0.
     0.  877.  492.    0.    0.    0.  172.    0.    0.  893.    0.    0.
     0.  134.]
 [ 818.    0.  851. 1213.  965.    0.  777.    0.  997.    0.    0.    0.
     0.  561.    0.    0.    0.    0. 1056.  999.  112. 1284.    0.    0.
   527. 1126.    0.   80.  336.    0.    0.  242.    0.    0.    0.    0.
     0.  881.    0.  501.  534. 1250. 1160. 1425.    0.    0. 1107.    0.
     0. 1393.]
 [ 828.    0.  470.    0. 1093.  931.  787.    0.    0.  509.  258.    0.
  1275.  520.  518.  136. 1454.  103.  904. 1279.    0.  542.    0.    0.
     0. 1187.    0.    0.    0.  280.  213.    0.    0.  533.    0.    0.
  1404.  944.  262.    0.    0. 1206.    0.    0.    0.  426. 1133.    0.
     0.    0.]
 [ 670.    0.    0.    0.  819.    0.  629.    0.    0.    0.    0.    0.
     0.  164.    0.    0. 1246.    0.  909.  951.  503.    0.  527.    0.
     0.  980.    0.  496.  338.    0.    0.  374.    0.    0.    0.    0.
  1198.  564.    0.  163.    0. 1103.    0.    0.    0.    0.  960.    0.
     0.    0.]
 [ 449.  165.  842.    0.  313.    0.  432.    0.  721.    0. 1046.    0.
   148.  952.  925.    0.  343. 1246.    0.    0. 1076.    0. 1126. 1187.
   980.    0.    0. 1095.  928. 1044.    0.  972.    0.    0.    0.  421.
   252.  697.  938.  989.    0.  286.    0.    0.    0.    0.  293.  668.
     0.    0.]
 [ 980.    0.    0.    0.    0.  143.    0.  203.    0.    0.    0.  206.
     0.    0.    0.    0.    0.    0.    0.    0.    0.    0.    0.    0.
     0.    0.    0.    0.    0.    0.    0.    0.    0.    0.  526.    0.
     0.    0.    0.    0.    0.    0.    0.  210.    0. 1013.    0.    0.
     0.  236.]
 [ 787.    0.  819. 1183.  934.    0.  745.    0.  966.    0.    0.    0.
     0.  530.    0.    0.    0.    0. 1025.  968.   74. 1253.   80.    0.
   496. 1095.    0.    0.  304.    0.    0.  208.    0.    0.    0.    0.
     0.  835.    0.  467.  501. 1219. 1129. 1394.    0.    0. 1076.    0.
     0. 1362.]
 [ 612.    0.  644. 1009.  759.    0.  570.    0.  792.    0.    0.    0.
     0.  357.    0.    0.    0.    0.  849.  747.  300. 1079.  336.    0.
   338.  928.    0.  304.    0.    0.    0.  183.    0.    0.    0.    0.
     0.  518.    0.  329.  420. 1044.  954. 1220.    0.    0.  900.    0.
     0. 1187.]
 [ 685.    0.    0.  683.  950.    0.  644.    0.  320.    0.   58.    0.
  1132.  498.    0.    0. 1181.  266.    0. 1136.    0.  355.    0.  280.
     0. 1044.    0.    0.    0.    0.  220.    0.    0.    0.  930.    0.
  1128.  826.    0.    0.    0. 1000.  292.  639.    0.  630.  927.    0.
     0.    0.]
 [ 665.    0.  198.    0.    0.    0.    0.    0.    0.  239.  369.    0.
     0.  335.  237.    0.    0.  340.  761.    0.    0.  517.    0.  367.
     0.    0.    0.    0.    0.  371.    0.    0.    0.  263.    0.    0.
     0.    0.   56.    0.    0. 1071.    0.    0.    0.    0.  995.  857.
     0.    0.]
 [ 665.    0.  697. 1061.  812.    0.  623.    0.  845.    0.    0.    0.
     0.  409.    0.    0.    0.    0.  902.  846.  189. 1132.  242.    0.
   374.  972.    0.  208.  183.    0.    0.    0.    0.    0.    0.    0.
     0.  660.    0.  339.  373. 1097. 1007. 1272.    0.    0.  953.    0.
     0. 1240.]
 [ 395.  544.    0.  309.    0.  941.    0.    0.  440.    0.    0.  744.
     0.    0.    0.    0.  684.    0.  102.    0.    0.    0.    0.    0.
     0.    0.    0.    0.    0.    0.    0.    0.    0.    0.  629.  768.
   549.    0.    0.    0.    0.  300.  581.  532.    0.    0.  279.  241.
     0.  564.]
 [ 643.    0.    0.    0.    0.    0.    0.    0.    0.  204.  449.    0.
     0.  109.   75.    0.    0.  593.    0.    0.    0.    0.    0.  533.
     0.    0.    0.    0.    0.    0.  263.    0.    0.    0.    0.    0.
     0.    0.  256.    0.    0.    0.    0.    0.    0.    0.    0.    0.
   144.    0.]
 [ 767. 1037.  954.  325.    0.  570.    0.    0.  675. 1033.  933.  280.
     0.    0. 1006.    0. 1095.    0.    0.    0.    0.    0.    0.    0.
     0.    0.  526.    0.    0.  930.    0.    0.  629.    0.    0. 1261.
  1041.    0. 1025.    0.    0.  791.  642.  368.    0.    0.    0.  650.
     0.  444.]
 [ 870.  303.    0. 1071.    0. 1637.    0.    0.    0.    0.    0. 1370.
     0.    0.    0.    0.  341.    0.  864.  316.    0.    0.    0.    0.
     0.  421.    0.    0.    0.    0.    0.    0.  768.    0. 1261.    0.
   368.    0.    0.    0.    0.  557.    0. 1229.    0.    0.  571.  898.
     0. 1261.]
 [ 647.  387. 1061.  854.    0. 1418.  630.    0.  819.    0. 1130. 1151.
     0. 1170. 1144.    0.   63. 1464.  647.  324.    0.    0.    0. 1404.
  1198.  420.    0.    0.    0. 1128.    0.    0.  549.    0. 1041.  368.
     0.    0. 1155. 1208.    0.  290.    0. 1009.   17.    0.  355.  678.
     0. 1041.]
 [ 404.    0.  525.  813.  507.    0.  363.    0.  592.    0.  789.    0.
     0.  601.  625.    0.    0. 1004.  649.  521.  488.  877.  532.  944.
   564.  697.    0.  504.  313.  826.    0.  399.    0.    0.    0.    0.
     0.    0.    0.  575.    0.  837.  753. 1019.    0.    0.  752.    0.
     0.  986.]
 [ 579.    0.  195.  779.  845.    0.  539.    0.  347.  236.  297.    0.
  1026.  334.  223.    0. 1205.  363.  708. 1030.    0.  492.    0.  439.
     0.  938.    0.    0.    0.    0.   56.    0.    0.  256. 1025.    0.
  1155.    0.    0.    0.    0.  957.  388.  734.    0.    0.  884.    0.
     0.  649.]
 [ 681.    0.    0. 1074.  829.    0.  640.    0.    0.    0.    0.    0.
     0.  243.    0.    0. 1254.    0.  916.  962.  448.    0.  501.    0.
   163.  989.    0.  467.  329.    0.    0.  339.    0.    0.    0.    0.
  1208.  575.    0.    0.  105. 1113.    0.    0.    0.    0.  967.    0.
     0.    0.]
 [ 781.    0.    0.    0.    0.    0.    0.    0.    0.    0.    0.    0.
     0.    0.    0.    0.    0.    0.    0.    0.  482.    0.  534.    0.
     0.    0.    0.  501.  420.    0.    0.  373.    0.    0.    0.    0.
     0.    0.    0.  105.    0.    0.    0.    0.    0.    0.    0.    0.
     0.    0.]
 [ 477.  289.  902.  600.    0. 1167.  467.    0.  688.    0. 1002.  899.
     0. 1046.  987.    0.  362. 1266.  393.    0. 1200.    0. 1250. 1206.
  1103.  286.    0. 1219. 1044. 1000. 1071. 1097.  300.    0.  791.  557.
   290.  837.  957. 1113.    0.    0.  873.  759.    0.    0.  151.  431.
     0.  791.]
 [ 542.    0.  413.  406.    0.  605.    0.  363.  179.  493.  295.    0.
     0.    0.  465.    0.    0.    0.  513.    0. 1110.  172. 1160.    0.
     0.    0.    0. 1129.  954.  292.    0. 1007.  581.    0.  642.    0.
     0.  753.  388.    0.    0.  873.    0.  351.    0.    0.  799.  647.
     0.  266.]
 [ 777. 1005.  716.  295.    0.    0.  736.  169.  436.  796.  642.  144.
     0.    0.  768.    0. 1063.    0.    0.    0. 1375.    0. 1425.    0.
     0.    0.  210. 1394. 1220.  639.    0. 1272.  532.    0.  368. 1229.
  1009. 1019.  734.    0.    0.  759.  351.    0.    0.    0.    0.  560.
     0.   98.]
 [ 664.    0.    0.    0.    0.    0.    0.    0.    0.    0.    0.    0.
     0.    0.    0.    0.    0.    0.    0.    0.    0.    0.    0.    0.
     0.    0.    0.    0.    0.    0.    0.    0.    0.    0.    0.    0.
    17.    0.    0.    0.    0.    0.    0.    0.    0.    0.    0.    0.
     0.    0.]
 [1253.    0.    0.    0.    0. 1027.    0.    0.    0.    0.  658.    0.
     0.    0.    0.  470.    0.  469.    0.    0.    0.  893.    0.  426.
     0.    0. 1013.    0.    0.  630.    0.    0.    0.    0.    0.    0.
     0.    0.    0.    0.    0.    0.    0.    0.    0.    0.    0.    0.
     0.    0.]
 [ 402.  354.  825.  527.    0.    0.  391.    0.  616.    0.  930.    0.
     0.  972.  910.    0.  405. 1192.  320.    0. 1057.    0. 1107. 1133.
   960.  293.    0. 1076.  900.  927.  995.  953.  279.    0.    0.  571.
   355.  752.  884.  967.    0.  151.  799.    0.    0.    0.    0.  413.
     0.    0.]
 [ 556.  673.  761.  312.    0.  969.    0.    0.  518.    0.    0.  704.
     0.    0.  842.    0.  733.    0.  282.    0.    0.    0.    0.    0.
     0.  668.    0.    0.    0.    0.  857.    0.  241.    0.  650.  898.
   678.    0.    0.    0.    0.  431.  647.  560.    0.    0.  413.    0.
     0.  593.]
 [ 728.    0.    0.    0.    0.    0.    0.    0.    0.    0.    0.    0.
     0.  279.  168.    0.    0.    0.    0.    0.    0.    0.    0.    0.
     0.    0.    0.    0.    0.    0.    0.    0.    0.  144.    0.    0.
     0.    0.    0.    0.    0.    0.    0.    0.    0.    0.    0.    0.
     0.    0.]
 [ 745. 1037.    0.  328.    0.    0.  704.  243.    0.    0.  557.  235.
  1188.    0.    0.    0. 1095.    0.  629.    0. 1343.  227. 1393.    0.
     0.    0.  236. 1362. 1187.    0.    0. 1240.  564.    0.  444. 1261.
  1041.  986.  649.    0.    0.  791.  266.  161.    0.    0.    0.  593.
     0.    0.]]
EOF
