NAME:  DS_ce_m_wep_n20
COMMENT: this is testing the generating format
TYPE:  GVRP
DIMENSION:  20
CAPACITY:  100
EDGE_TYPE:  DIRECTED
EDGE_WEIGHT_TYPE:  EXPLICIT
EDGE_WEIGHT_FORMAT:  SPARSE_MATRIX
NODE_COORD_TYPE:  TWOD_COORDS
NODE_COORD_SECTION
0 -6.371 53.3178
1 -6.3699 53.3204
2 -6.369 53.3188
3 -6.3613 53.3104
4 -6.3559 53.3083
5 -6.3527 53.3235
6 -6.3398 53.2897
7 -6.3324 53.2907
8 -6.3147 53.2906
9 -6.3073 53.273
10 -6.2442 53.3052
11 -6.2435 53.2713
12 -6.2433 53.272
13 -6.2203 53.2743
14 -6.2047 53.2742
15 -6.1937 53.2827
16 -6.1789 53.2529
17 -6.1638 53.2784
18 -6.161 53.2861
19 -6.137 53.237
DEPOT_SECTION:
0
-1
DEMAND_SECTION
0 3
1 1
2 1
3 3
4 1
5 3
6 1
7 1
8 2
9 2
10 1
11 2
12 2
13 3
14 2
15 3
16 2
17 3
18 3
19 1
EDGE_WEIGHT_SECTION
[[   0.    0. 5173.   65.    0. 1983. 2777.    0. 3929.  249. 3315. 3072.
   207. 2775.    0.    0. 3823.    0. 2283. 3373.]
 [   0.    0.    0.    0.    0.  971. 1646.    0. 2832. 1159.    0.    0.
     0. 1645.    0.  376. 2671.  210. 1571. 2288.]
 [4395.    0.    0.    0. 1865.    0.    0.    0. 1237.    0. 1643. 2206.
     0. 2426.    0.    0. 1432.    0.    0. 1509.]
 [  32.    0.    0.    0.    0.    0.    0.    0.    0.    0.    0.    0.
     0.    0.    0.    0.    0.    0.    0.    0.]
 [   0.    0. 1865.    0.    0.    0. 1037.    0.  745. 3103.  844.  677.
     0. 1057.    0.    0.    0.    0. 1629.  855.]
 [1687.  971.    0.    0.    0.    0. 1078. 1451.    0. 1590.    0.    0.
     0.  926. 1354.  635. 2524.  846. 1532.    0.]
 [2362. 1646.    0.    0. 1037. 1078.    0. 2126. 1314. 2031.    0.    0.
     0.    7. 2029. 1302. 1451. 1521.  851.  944.]
 [   0.    0.    0.    0.    0. 1451. 2126.    0. 3207.  455.    0.    0.
     0. 2124.    0.    0. 3117.    0.    0. 2734.]
 [3339. 2832. 1237.    0.  745.    0. 1314. 3207.    0. 3093.  669.    0.
  3415.    0. 3111. 2349.  194. 2707. 1541.  498.]
 [ 365. 1159.    0.    0. 3103. 1590. 2031.  455. 3093.    0. 2571. 2364.
   343. 2029.    0. 1080. 3003.    0. 1693. 2620.]
 [2817.    0. 1643.    0.  844.    0.    0.    0.  669. 2571.    0.  246.
     0.    0.    0. 1824.  693.    0. 1061.  286.]
 [2610.    0. 2206.    0. 1168.    0.    0.    0.    0. 2364.  715.    0.
     0.  350.    0.    0.    0.    0. 1268.    0.]
 [ 535.    0.    0.    0.    0.    0.    0.    0. 3415.  343.    0.    0.
     0.    0.    0.    0. 3324.    0. 2014. 2942.]
 [2360. 1645. 2426.    0. 1057. 1593.   59. 2124.    0. 2029.    0.  350.
     0.    0. 2028. 1300.    0. 1520. 1231.    0.]
 [   0.    0.    0.    0.    0. 1354. 2029.    0. 3111.    0.    0.    0.
     0. 2028.    0.    0. 3021.    0. 1883. 2638.]
 [   0.  642.    0.    0.    0.  635. 1302.    0. 2349. 1080. 1824.    0.
     0. 1300.    0.    0. 2260.  439. 1265. 1877.]
 [3249. 2671. 1432.    0.    0. 2524. 1451. 3117.  334. 3003. 1192.    0.
  3324.    0. 3021. 2260.    0. 2544. 1450.  986.]
 [   0.  121.    0.    0.    0.  846. 1521.    0. 2707.    0.    0.    0.
     0. 1520.    0.  255. 2544.    0. 1440. 2161.]
 [1939. 1571.    0.    0. 1629. 1532.  851.    0. 1541. 1693. 1061.  737.
  2014.  716. 1883. 1265. 1450. 1440.    0. 1073.]
 [2866. 2288. 1509.    0.  855.    0.  944. 2734.  498. 2620.  286.    0.
  2942.    0. 2638. 1877.  578. 2161. 1073.    0.]]
EOF
