NAME:  DS_ce_m_wep_n20
COMMENT: Generated by Finucane, Fulcher, O'Sullivan, and Seth (2021)
TYPE:  GVRP
DIMENSION:  20
CAPACITY:  100
EDGE_TYPE:  DIRECTED
EDGE_WEIGHT_TYPE:  EXPLICIT
EDGE_WEIGHT_FORMAT:  SPARSE_MATRIX
NODE_COORD_TYPE:  TWOD_COORDS
NODE_COORD_SECTION
0 -6.371 53.3178
1 -6.3699 53.3204
2 -6.369 53.3188
3 -6.3613 53.3104
4 -6.3559 53.3083
5 -6.3527 53.3235
6 -6.3398 53.2897
7 -6.3324 53.2907
8 -6.3147 53.2906
9 -6.3073 53.273
10 -6.2442 53.3052
11 -6.2435 53.2713
12 -6.2433 53.272
13 -6.2203 53.2743
14 -6.2047 53.2742
15 -6.1937 53.2827
16 -6.1789 53.2529
17 -6.1638 53.2784
18 -6.161 53.2861
19 -6.137 53.237
DEPOT_SECTION:
0
-1
DEMAND_SECTION
0 0
1 3
2 2
3 2
4 2
5 3
6 1
7 2
8 1
9 3
10 3
11 3
12 1
13 1
14 1
15 1
16 1
17 1
18 2
19 2
EDGE_WEIGHT_SECTION
[[   0.  814. 5190.   33. 2760. 1990. 2786.  193. 3942.  432. 3326. 3082.
   285. 2784.  297.  906. 3836.  696. 2290. 3384.]
 [ 682.    0. 2775.    0. 1820.  971. 1646.  521. 2832. 1159. 1522.    0.
     0. 1645.  480.  436. 2671.  141. 1571. 2288.]
 [4395. 2775.    0.    0. 1865.    0.    0. 3104. 1237.    0. 1643. 2206.
     0. 2426.    0.    0. 1432. 2691.    0. 1509.]
 [  81.    0.    0.    0.    0.    0.    0.    0.    0.    0.    0.    0.
   180.    0.    0.    0.    0.    0.    0.    0.]
 [2315. 1820. 1865.    0.    0.    0. 1037. 2153.  745. 3103.  844.  788.
     0. 1057.    0.    0.    0. 1735. 1629.  855.]
 [1687.  971.    0.    0.    0.    0. 1078. 1451.    0. 1590.    0.    0.
     0. 1076. 1354.  940. 2524.  846. 2266.    0.]
 [2362. 1646.    0.    0. 1037. 1078.    0. 2126. 1314. 2031.    0.    0.
     0.   20. 2029. 1302. 1451. 1521. 1259.  944.]
 [ 162.  521. 3104.    0. 2153. 1451. 2126.    0. 3207.  455. 1855.    0.
   173. 2124.   87.  598. 3117.  422.    0. 2734.]
 [3339. 2832. 1237.    0.  745.    0. 1314. 3207.    0. 3093.  576.    0.
  3415.    0. 3111. 2349.  226. 2707. 1541.  426.]
 [ 212. 1159.    0.    0. 3103. 1590. 2031.  455. 3093.    0. 2571. 2364.
   295. 2029.  354. 1080. 3003.  721. 1693. 2620.]
 [2817. 1522. 1643.    0.  844.    0.    0. 1855.  990. 2571.    0.  328.
     0.    0. 1796. 1824. 1192. 1437. 1061.  428.]
 [2610.    0. 2206.    0.  788.    0.    0.    0.    0. 2364.  328.    0.
     0.  350.    0.    0.    0.    0. 1268.    0.]
 [ 241.    0.    0.  180.    0.    0.    0.  173. 3415.  506.    0.    0.
     0.    0.    0.    0. 3324.    0. 2014. 2942.]
 [2360. 1645. 2426.    0. 1057. 1076.   20. 2124.    0. 2029.    0.  350.
     0.    0. 2028. 1300.    0. 1520. 1231.    0.]
 [ 249.  480.    0.    0.    0. 1354. 2029.   87. 3111.  354. 1796.    0.
     0. 2028.    0.  532. 3021.  382. 1883. 2638.]
 [ 760.  436.    0.    0.    0.  547. 1302.  598. 2349. 1080. 1824.    0.
     0. 1300.  532.    0. 2260.  297. 1265. 1877.]
 [3249. 2671. 1432.    0.    0. 2524. 1451. 3117.  226. 3003.  693.    0.
  3324.    0. 3021. 2260.    0. 2544. 1450.  669.]
 [ 584.  141. 2691.    0. 1735.  846. 1521.  422. 2707.  721. 1437.    0.
     0. 1520.  382.  297. 2544.    0. 1440. 2161.]
 [1939. 1571.    0.    0. 1629. 1318.  733.    0. 1541. 1693. 1061.  737.
  2014.  716. 1883. 1265. 1450. 1440.    0. 1073.]
 [2866. 2288. 1509.    0.  855.    0.  944. 2734.  744. 2620.  245.    0.
  2942.    0. 2638. 1877.  669. 2161. 1073.    0.]]
EOF
