NAME:  DS_ce_h_wdo_n20
COMMENT: Generated by Finucane, Fulcher, O'Sullivan, and Seth (2021)
TYPE:  GVRP
DIMENSION:  20
CAPACITY:  100
EDGE_TYPE:  DIRECTED
EDGE_WEIGHT_TYPE:  EXPLICIT
EDGE_WEIGHT_FORMAT:  SPARSE_MATRIX
NODE_COORD_TYPE:  TWOD_COORDS
NODE_COORD_SECTION
0 -6.371 53.3178
1 -6.3699 53.3204
2 -6.369 53.3188
3 -6.3613 53.3104
4 -6.3559 53.3083
5 -6.3527 53.3235
6 -6.3398 53.2897
7 -6.3324 53.2907
8 -6.3147 53.2906
9 -6.3073 53.273
10 -6.2442 53.3052
11 -6.2435 53.2713
12 -6.2433 53.272
13 -6.2203 53.2743
14 -6.2047 53.2742
15 -6.1937 53.2827
16 -6.1789 53.2529
17 -6.1638 53.2784
18 -6.161 53.2861
19 -6.137 53.237
DEPOT_SECTION:
0
-1
DEMAND_SECTION
0 3
1 3
2 3
3 1
4 1
5 2
6 1
7 2
8 1
9 3
10 1
11 2
12 2
13 2
14 2
15 1
16 1
17 2
18 1
19 3
EDGE_WEIGHT_SECTION
[[   0.  822. 4763.   21. 2788. 1889. 2635.  195. 3668.  353. 3058. 2826.
   225. 2633.  300.  915. 3575.  703. 2037. 3121.]
 [ 689.    0. 2805.    0. 1839.  958. 1585.  526. 2732. 1175. 1538.    0.
     0. 1583.  485.  419. 2473.  143. 1390. 2091.]
 [4022. 2805.    0.    0. 1691.    0.    0. 3138. 1036.    0. 1505. 1841.
     0. 2060.    0.    0. 1228. 2721.    0. 1362.]
 [  66.    0.    0.    0.    0.    0.    0.    0.    0.    0.    0.    0.
   182.    0.    0.    0.    0.    0.    0.    0.]
 [2338. 1839. 1691.    0.    0.    0.  869. 2175.  672. 2750.  698.  645.
     0.  888.    0.    0.    0. 1752. 1455.  803.]
 [1598.  958.    0.    0.    0.    0. 1033. 1429.    0. 1510.    0.    0.
     0. 1031. 1346.  880. 2357.  831. 2047.    0.]
 [2230. 1585.    0.    0.  869. 1033.    0. 2055. 1293. 1868.    0.    0.
     0.   16. 1970. 1164. 1428. 1459. 1099.  917.]
 [ 163.  526. 3138.    0. 2175. 1429. 2055.    0. 2983.  357. 1874.    0.
   174. 2053.   88.  604. 2904.  426.    0. 2520.]
 [3100. 2732. 1036.    0.  672.    0. 1293. 2983.    0. 2920.  584.    0.
  3171.    0. 2898. 2156.  229. 2605. 1523.  432.]
 [ 158. 1175.    0.    0. 2750. 1510. 1868.  357. 2920.    0. 2402. 2205.
   219. 1866.  358. 1052. 2840.  728. 1531. 2455.]
 [2583. 1538. 1505.    0.  698.    0.    0. 1874. 1001. 2402.    0.  333.
     0.    0. 1814. 1591. 1202. 1451. 1056.  433.]
 [2387.    0. 1841.    0.  645.    0.    0.    0.    0. 2205.  333.    0.
     0.  321.    0.    0.    0.    0. 1282.    0.]
 [ 189.    0.    0.  182.    0.    0.    0.  174. 3171.  411.    0.    0.
     0.    0.    0.    0. 3092.    0. 1788. 2707.]
 [2228. 1583. 2060.    0.  888. 1031.   16. 2053.    0. 1866.    0.  321.
     0.    0. 1968. 1163.    0. 1457. 1076.    0.]
 [ 252.  485.    0.    0.    0. 1346. 1970.   88. 2898.  358. 1814.    0.
     0. 1968.    0.  538. 2819.  386. 1706. 2435.]
 [ 768.  419.    0.    0.    0.  499. 1164.  604. 2156. 1052. 1591.    0.
     0. 1163.  538.    0. 2078.  281. 1099. 1697.]
 [3021. 2473. 1228.    0.    0. 2357. 1428. 2904.  229. 2840.  701.    0.
  3092.    0. 2819. 2078.    0. 2347. 1441.  678.]
 [ 590.  143. 2721.    0. 1752.  831. 1459.  426. 2605.  728. 1451.    0.
     0. 1457.  386.  281. 2347.    0. 1264. 1965.]
 [1719. 1390.    0.    0. 1455. 1146.  606.    0. 1523. 1531. 1056.  748.
  1788.  595. 1706. 1099. 1441. 1264.    0. 1087.]
 [2637. 2091. 1362.    0.  803.    0.  917. 2520.  752. 2455.  249.    0.
  2707.    0. 2435. 1697.  678. 1965. 1087.    0.]]
EOF
