NAME:  DS_ce_h_wdo_n20
COMMENT: Generated by Finucane, Fulcher, O'Sullivan, and Seth (2021)TYPE:  GVRP
DIMENSION:  20
CAPACITY:  100
EDGE_TYPE:  DIRECTED
EDGE_WEIGHT_TYPE:  EXPLICIT
EDGE_WEIGHT_FORMAT:  SPARSE_MATRIX
NODE_COORD_TYPE:  TWOD_COORDS
NODE_COORD_SECTION
0 -6.371 53.3178
1 -6.3699 53.3204
2 -6.369 53.3188
3 -6.3613 53.3104
4 -6.3559 53.3083
5 -6.3527 53.3235
6 -6.3398 53.2897
7 -6.3324 53.2907
8 -6.3147 53.2906
9 -6.3073 53.273
10 -6.2442 53.3052
11 -6.2435 53.2713
12 -6.2433 53.272
13 -6.2203 53.2743
14 -6.2047 53.2742
15 -6.1937 53.2827
16 -6.1789 53.2529
17 -6.1638 53.2784
18 -6.161 53.2861
19 -6.137 53.237
DEPOT_SECTION:
0
-1
DEMAND_SECTION
0 1
1 3
2 3
3 2
4 3
5 3
6 2
7 3
8 2
9 3
10 3
11 2
12 1
13 3
14 2
15 3
16 1
17 1
18 3
19 1
EDGE_WEIGHT_SECTION
[[   0.  819. 4747.   53. 2778. 1883. 2626.  194. 3656.  139. 3048. 2816.
   183. 2625.  299.  912. 3563.  701. 2031. 3111.]
 [ 689.    0. 2805.    0. 1839.  958. 1585.  526. 2732. 1175. 1538.    0.
     0. 1583.  485.  419. 2473.  316. 1390. 2091.]
 [4022. 2805.    0.    0. 1691.    0.    0. 3138. 1036.    0. 1505. 1841.
     0. 2060.    0.    0. 1228. 2721.    0. 1362.]
 [  24.    0.    0.    0.    0.    0.    0.    0.    0.    0.    0.    0.
   144.    0.    0.    0.    0.    0.    0.    0.]
 [2338. 1839. 1691.    0.    0.    0.  869. 2175.  672. 2750.  698.  645.
     0.  888.    0.    0.    0. 1752. 1455.  803.]
 [1598.  958.    0.    0.    0.    0. 1033. 1429.    0. 1510.    0.    0.
     0. 1031. 1346.  587. 2357.  831. 1355.    0.]
 [2230. 1585.    0.    0.  869. 1033.    0. 2055. 1293. 1868.    0.    0.
     0.    5. 1970. 1164. 1428. 1459.  723.  917.]
 [ 163.  526. 3138.    0. 2175. 1429. 2055.    0. 2983.  291. 1874.    0.
   138. 2053.   70.  604. 2904.  671.    0. 2520.]
 [3100. 2732. 1036.    0.  672.    0. 1293. 2983.    0. 2920.  678.    0.
  3171.    0. 2898. 2156.  197. 2605. 1523.  505.]
 [ 443. 1175.    0.    0. 2750. 1510. 1868.  555. 2920.    0. 2402. 2205.
   411. 1866.  563. 1052. 2840. 1145. 1531. 2455.]
 [2583. 1538. 1505.    0.  698.    0.    0. 1874.  678. 2402.    0.  251.
     0.    0. 1814. 1591.  814. 1451. 1056.  290.]
 [2387.    0. 1841.    0.  645.    0.    0.    0.    0. 2205.  722.    0.
     0.  321.    0.    0.    0.    0. 1282.    0.]
 [ 293.    0.    0.  286.    0.    0.    0.  274. 3171.  219.    0.    0.
     0.    0.    0.    0. 3092.    0. 1788. 2707.]
 [2228. 1583. 2060.    0.  888. 1031.   49. 2053.    0. 1866.    0.  321.
     0.    0. 1968. 1163.    0. 1457. 1076.    0.]
 [ 252.  485.    0.    0.    0. 1346. 1970.  139. 2898.  284. 1814.    0.
     0. 1968.    0.  538. 2819.  607. 1706. 2435.]
 [ 768.  419.    0.    0.    0.  587. 1164.  604. 2156. 1052. 1591.    0.
     0. 1163.  538.    0. 2078.  419. 1099. 1697.]
 [3021. 2473. 1228.    0.    0. 2357. 1428. 2904.  338. 2840.  814.    0.
  3092.    0. 2819. 2078.    0. 2347. 1441.  678.]
 [ 590.  105. 2721.    0. 1752.  831. 1459.  338. 2605.  578. 1451.    0.
     0. 1457.  306.  240. 2347.    0. 1264. 1965.]
 [1719. 1390.    0.    0. 1455. 1355.  723.    0. 1523. 1531. 1056.  748.
  1788.  595. 1706. 1099. 1441. 1264.    0. 1087.]
 [2637. 2091. 1362.    0.  803.    0.  917. 2520.  505. 2455.  290.    0.
  2707.    0. 2435. 1697.  678. 1965. 1087.    0.]]
EOF
