NAME:  DS_co_h_wdo_n20
COMMENT: Generated by Finucane, Fulcher, O'Sullivan, and Seth (2021)DIMENSION:  20
CAPACITY:  100
EDGE_TYPE:  DIRECTED
EDGE_WEIGHT_TYPE:  EXPLICIT
EDGE_WEIGHT_FORMAT:  SPARSE_MATRIX
NODE_COORD_TYPE:  TWOD_COORDS
NODE_COORD_SECTION
0 -6.3682 53.2907
1 -6.3617 53.2862
2 -6.3535 53.3232
3 -6.341 53.3236
4 -6.3311 53.277
5 -6.3275 53.2876
6 -6.2879 53.293
7 -6.2807 53.2947
8 -6.2617 53.2807
9 -6.252 53.3212
10 -6.2416 53.3182
11 -6.2334 53.3027
12 -6.2213 53.2677
13 -6.2202 53.268
14 -6.2181 53.309
15 -6.1823 53.3021
16 -6.1813 53.3018
17 -6.17 53.2963
18 -6.1593 53.2669
19 -6.1239 53.2332
DEPOT_SECTION:
0
-1
DEMAND_SECTION
0 1
1 1
2 3
3 2
4 2
5 1
6 2
7 3
8 3
9 1
10 3
11 2
12 3
13 3
14 1
15 1
16 2
17 1
18 1
19 2
EDGE_WEIGHT_SECTION
[[   0. 2341. 1868. 1478. 1061. 1762. 2129. 1975. 3190. 1952. 1235.  728.
  1085. 1331. 1849. 2428. 2188. 1688.  657. 1682.]
 [1887.    0.    0.    0.    0. 1062.  397.    0.    0. 1351.    0.    0.
     0.    0.    0.    0.    0.    0.    0.    0.]
 [1502.    0.    0. 1610.    0.    0.  686. 2366. 3415. 1006.    0.    0.
     0. 2532. 1115.  393. 1599.  782.    0.    0.]
 [1198.    0. 1610.    0. 1178. 2124. 2218.    0. 1827.    0. 1456. 1191.
     0.    0.  772. 1677.   47. 1182.  854.    0.]
 [ 855.    0.    0. 1178.    0.  964. 1065. 1897.    0.    0. 1200. 1254.
  1562. 1690.  927.  865.    0.  385.  895.    0.]
 [1420. 1062.    0. 2124.  964.    0. 1051. 2877.    0.  455. 1276. 1799.
     0.    0.    0. 1613.    0.  981. 1561.    0.]
 [1716.  135.  686. 2218. 1065. 1051.    0. 2949. 3087. 1003. 1572. 2094.
     0.    0. 1713. 1104. 2206. 1131. 1855.    0.]
 [1593.    0. 2366.    0. 1897. 2877. 2949.    0. 1019.    0.    0. 1229.
     0.  559. 1722.    0.  972.    0. 1411.    0.]
 [2568.    0. 3415. 1827.    0.    0. 3087. 1019.    0.    0.    0.    0.
     0. 1685. 2550. 3453. 1815. 2953.    0.    0.]
 [1574.  756. 1006.    0.    0.   51. 1003.    0.    0.    0.    0.    0.
     0.    0.    0.    0.    0.    0.    0.    0.]
 [ 519.    0.    0. 1456.  640. 1276. 1572.    0.    0.    0.    0. 1010.
     0.    0. 1138. 1118.    0.  794.  770.    0.]
 [ 327.    0.    0. 1191. 1254. 1799. 2094. 1229.    0.    0. 1010.    0.
   576.    0. 1192. 1634. 1179.    0.  542.    0.]
 [ 876.    0.    0.    0. 1562.    0.    0.    0.    0.    0.    0.  987.
     0.  192. 2408.    0. 1774.    0. 1318.   49.]
 [1074.    0. 2532.    0. 1690.    0.    0.  988. 1685.    0.    0.    0.
   192.    0. 2396.    0. 1546.    0.    0.  542.]
 [ 814.    0. 1115.  772.  282.    0. 1713. 1722. 2550.    0. 1138. 1192.
  1407. 1368.    0. 1119.  760.    0.  955.    0.]
 [1037.    0.  226. 1677.  456.  932.  644.    0. 3453.    0. 1118. 1634.
     0.    0. 1119.    0. 1665.  604.    0.    0.]
 [1016.    0. 1599.    6.    0.    0. 2206.  972. 1815.    0.    0. 1179.
  1019.  902.  760. 1665.    0. 1170.  842. 1168.]
 [ 715.    0.  782. 1182.   34.  981. 1131.    0. 2953.    0.  794.    0.
     0.    0.    0.  604. 1170.    0.    0.    0.]
 [ 297.    0.    0.  854.  895. 1561. 1855. 1411.    0.    0.  770.  542.
   774.    0.  955.    0.  842.    0.    0.    0.]
 [ 753.    0.    0.    0.    0.    0.    0.    0.    0.    0.    0.    0.
     6.   56.    0.    0. 1168.    0.    0.    0.]]
EOF
