NAME:  DC_ce_m_wep_n20
COMMENT: this is testing the generating format
TYPE:  GVRP
DIMENSION:  20
CAPACITY:  100
EDGE_TYPE:  DIRECTED
EDGE_WEIGHT_TYPE:  EXPLICIT
EDGE_WEIGHT_FORMAT:  SPARSE_MATRIX
NODE_COORD_TYPE:  TWOD_COORDS
NODE_COORD_SECTION
0 -6.3198 53.3394
1 -6.3153 53.3288
2 -6.3124 53.3251
3 -6.3098 53.3395
4 -6.2907 53.3595
5 -6.2847 53.3636
6 -6.2807 53.3631
7 -6.2746 53.341
8 -6.2676 53.3453
9 -6.266 53.3633
10 -6.2655 53.3536
11 -6.2601 53.3632
12 -6.2592 53.332
13 -6.2543 53.3618
14 -6.241 53.3307
15 -6.2381 53.3262
16 -6.2381 53.3614
17 -6.237 53.3534
18 -6.2269 53.3279
19 -6.2199 53.3345
DEPOT_SECTION:
0
-1
DEMAND_SECTION
0 2
1 1
2 2
3 3
4 1
5 1
6 3
7 1
8 3
9 1
10 3
11 3
12 3
13 2
14 1
15 1
16 2
17 2
18 3
19 3
EDGE_WEIGHT_SECTION
[[   0. 1868. 1509. 1085.  357. 1115. 1849. 1902. 1352.  890. 1874. 2074.
  1634. 1698.  304. 1793. 1427. 1850.  491. 1247.]
 [1454.    0.  567.  626. 1237.  808. 1057.  294.  615.    0. 1373. 1196.
     0.  426. 1500. 1310. 1254.  466.    0. 1076.]
 [1177.  567.    0.  584. 1032.  820. 1303.  884.  520. 1067. 1539. 1440.
   302.    0. 1119. 1471.  599. 1007. 1185.  915.]
 [ 843.  626.  584.    0.  640.  226.  776.  670.  306.  443.  926.  913.
   544.  594.  876.  864.  674.  598.  764.  888.]
 [ 280. 1237. 1032.  640.    0.  648. 1218. 1267.  837.  470. 1238.    0.
  1051. 1102.  686. 1175.  968.    0.  348. 1124.]
 [ 865.  808.  820.  226.  648.    0.  680.  700.  498.  456.  764.  851.
   781.  830.  956.  704.    0.  629.  736.    0.]
 [1440. 1057. 1303.  776. 1218.  680.    0.  960.  981.  999.  582.  266.
  1263. 1312. 1526.  532.    0.  888. 1248.    0.]
 [1480.   97.  528.  670. 1267.  700.  960.    0.  451. 1108. 1298. 1099.
     0.  377. 1526. 1233.  888.  325.    0. 1101.]
 [1052.  362.  310.  306.  837.  498.  981.  451.    0.    0. 1225. 1119.
   317.  367. 1089. 1158.  564.  582.    0.  778.]
 [ 694.    0. 1067.  443.  470.  456.  999. 1108.    0.    0. 1000.    0.
     0.    0.  774.  935. 1008. 1036.  521. 1223.]
 [1456. 1373. 1539.  926. 1238.  764.  582. 1298. 1225. 1000.    0.    0.
  1499. 1548. 1546.  251.    0. 1225. 1269.    0.]
 [1616. 1196. 1440.  913.    0.  851.  162. 1099. 1119.    0.    0.    0.
  1400. 1449.    0.    0.    0. 1027.    0.    0.]
 [1274.    0.  117.  544. 1051.  781. 1263.    0.  317.    0. 1499. 1400.
     0.  174. 1209. 1431.  525.    0.    0.  742.]
 [1324.  256.    0.  594. 1102.  830. 1312.  377.  367.    0. 1548. 1449.
   106.    0. 1259. 1481.    0.  531.    0.    0.]
 [ 238. 1500. 1119.  876.  418.  956. 1526. 1526. 1089.  774. 1546.    0.
  1209. 1259.    0. 1483.  889.    0.    0.  817.]
 [1393. 1310. 1471.  864. 1175.  704.  532. 1233. 1158.  935.  251.    0.
  1431. 1481. 1483.    0.    0. 1160. 1207.    0.]
 [1113.  747.  363.  674.  968.    0.    0.  888.  564. 1008.    0.    0.
   525.    0.  889.    0.    0. 1024. 1121.  310.]
 [1438.  273.  598.  598.    0.  629.  888.  194.  582. 1036. 1225. 1027.
     0.  531.    0. 1160. 1024.    0. 1350. 1238.]
 [ 231.    0. 1185.  764.  130.  736. 1248.    0.    0.  521. 1269.    0.
     0.    0.    0. 1207. 1121. 1350.    0. 1274.]
 [ 966. 1076.  552.  888. 1124.    0.    0. 1101.  778. 1223.    0.    0.
   742.    0.  817.    0.  310. 1238. 1274.    0.]]
EOF
