NAME:  DC_ce_m_wep_n50
COMMENT: Generated by Finucane, Fulcher, O'Sullivan, and Seth (2021)
TYPE:  GVRP
DIMENSION:  50
CAPACITY:  100
EDGE_TYPE:  DIRECTED
EDGE_WEIGHT_TYPE:  EXPLICIT
EDGE_WEIGHT_FORMAT:  SPARSE_MATRIX
NODE_COORD_TYPE:  TWOD_COORDS
NODE_COORD_SECTION
0 -6.3121 53.3301
1 -6.3103 53.3344
2 -6.3048 53.3262
3 -6.3029 53.3396
4 -6.3 53.3348
5 -6.2953 53.3643
6 -6.2917 53.3429
7 -6.2907 53.3595
8 -6.2899 53.3433
9 -6.2895 53.3394
10 -6.289 53.3542
11 -6.289 53.3605
12 -6.2883 53.3287
13 -6.2811 53.3439
14 -6.2803 53.3406
15 -6.2795 53.3387
16 -6.2795 53.3633
17 -6.2758 53.3507
18 -6.2731 53.3568
19 -6.272 53.3359
20 -6.2716 53.3543
21 -6.2715 53.3469
22 -6.27 53.3303
23 -6.27 53.3462
24 -6.2692 53.3645
25 -6.2688 53.3578
26 -6.266 53.3286
27 -6.2654 53.3415
28 -6.2651 53.3257
29 -6.2642 53.3487
30 -6.2568 53.3263
31 -6.2562 53.3617
32 -6.2517 53.355
33 -6.2463 53.3275
34 -6.2421 53.3334
35 -6.242 53.3596
36 -6.2416 53.352
37 -6.2415 53.3411
38 -6.2402 53.3569
39 -6.2364 53.3503
40 -6.235 53.3565
41 -6.233 53.3639
42 -6.2317 53.35
43 -6.2266 53.3443
44 -6.2262 53.3416
45 -6.2256 53.3275
46 -6.2231 53.3269
47 -6.2225 53.3379
48 -6.2132 53.341
49 -6.213 53.3252
DEPOT_SECTION:
0
-1
DEMAND_SECTION
0 0
1 3
2 2
3 3
4 2
5 3
6 1
7 2
8 3
9 1
10 1
11 3
12 1
13 1
14 2
15 2
16 1
17 2
18 2
19 1
20 2
21 1
22 1
23 1
24 3
25 2
26 2
27 1
28 2
29 1
30 2
31 2
32 1
33 1
34 1
35 3
36 3
37 1
38 2
39 1
40 3
41 1
42 1
43 2
44 1
45 1
46 1
47 1
48 2
49 1
EDGE_WEIGHT_SECTION
[[   0. 2413. 2292. 1023.  844. 1573.  992. 1045. 1803. 1005. 1561. 1383.
  1852.  297. 1868. 1742. 1400. 1692. 1670. 1561. 1814.  468. 1403. 1172.
   330. 1091. 1343. 1517.  726.  756.  643. 1780. 2215. 1250. 1026.  664.
  1015. 1212. 1614. 1897. 1957.  982. 1941.  733. 1800. 1062.  564. 1300.
  1264. 1509.]
 [1814.    0.  318.    0.    0.  965.    0.    0.    0.    0.    0.    0.
   467.    0.    0.    0.  743.    0.    0.    0.    0.    0. 1068.    0.
     0.    0.    0.    0.    0.    0.    0.    0.    0.    0.    0.    0.
     0.    0.    0.    0.  374.    0.    0.    0.    0.    0.    0.    0.
     0. 1191.]
 [1726.  318.    0.    0.    0.  968.    0.    0.    0.    0.    0.    0.
   409.    0.    0.    0.  746.    0.    0.    0.    0.    0.    0.    0.
     0.    0.    0.    0.    0.    0.    0.    0.   87.    0.    0.    0.
     0.    0.    0.    0.  375.    0.    0.    0.    0.    0.    0.    0.
     0.    0.]
 [ 770.    0.    0.    0.    0.    0.    0.    0.    0.    0.  673.  271.
     0.    0.    0.  751.    0.    0.    0.  414.    0.    0.    0.    0.
     0.    0.    0.    0.    0.    0.    0.  512.    0.    0.    0.    0.
     0.    0.    0.    0.    0.   27.  634.    0.    0.    0.    0.    0.
     0.    0.]
 [ 635.    0.    0.    0.    0. 1055.  731.  145.  746.  223.  541.    0.
  1015.  498.  922.  676.    0.  641.  625.  479.  881.  613.  925.  393.
   381.  185.  750.    0.  783.  301.  555.  681. 1090.  322.  127.  498.
   281.  328.  730.  793.    0.  140.  760.  405.  724.  610.  274.  723.
   819. 1006.]
 [1186.  965.  968.    0. 1055.    0.  591. 1072.    0.  944. 1430.    0.
   570. 1029.  903.    0.  376.    0.    0.    0.  864.  978.  207.  763.
  1159.    0.    0.    0.  853.  950.  816.    0.  943. 1098. 1111.  901.
   851.  840.  634.    0.  672.    0.    0.  816. 1332.  544. 1156.  457.
   294.  327.]
 [ 751.    0.    0.    0.  731.  591.    0.  832.    0.  639. 1169.    0.
   838.  584.  851.    0.    0.    0.    0.    0.  812.  440.  523.  579.
   650.    0.  457. 1100.  263.  552.  285.    0.    0.  838.  821.  501.
   510.  664.  665.    0.    0.    0.    0.  391.    0.  330.  648.  381.
   319.  539.]
 [ 786.    0.    0.    0.  248. 1072.  832.    0.  600.  281.  386.  478.
     0.    0.  921.  541.    0.  448.  435.  455.  879.    0.  943.  398.
     0.  193.  783.  361.  881.  403.  655.  549.  907.  140.   98.  598.
   406.  236.  644.  643.  893.    0.  622.  509.  601.  691.    0.  753.
   898. 1049.]
 [1356.    0.    0.    0.  746.    0.    0.  600.    0.  697.  737. 1105.
     0.    0.  414.  987.    0.  469.  453.  930.  369.    0.    0.  676.
  1157.    0.    0.  560. 1099.  805.  873. 1059.  388.  674.  704.  965.
   705.  479.  297.  234.  353.    0. 1133.  878.  470.    0. 1034.    0.
     0.    0.]
 [ 757.    0.    0.    0.  223.  944.  639.  281.  697.    0.  682.    0.
   909.  621.  844.    0.    0.  631.  614.    0.  803.  663.  814.  282.
   488.    0.  641.  545.  717.  257.  486.    0.  999.  299.  335.  485.
   187.  257.  685.    0.    0.    0.    0.  386.  713.  577.  440.  613.
   730.  922.]
 [1175.    0.    0.  673.  541. 1430. 1169.  386.  737.  682.    0.  493.
     0.    0. 1066.  328.    0.  436.  423.  324. 1024.    0. 1301.  801.
     0.  451. 1196.  375. 1342.    0. 1054.  463. 1053.  462.    0. 1050.
   764.  610.  974.  727. 1032.    0.  542.  955.  549. 1122.    0. 1180.
  1256. 1408.]
 [1043.    0.    0.  271.    0.    0.    0.  478. 1105.    0.  493.    0.
     0.    0.    0.  491.    0.  801.  785.  214.    0.    0.    0.    0.
     0.  342.    0.  699.    0.    0.    0.  397. 1426.    0.  514.    0.
     0.    0.    0. 1093. 1398.    0.  519.    0.  910.    0.    0.    0.
     0.    0.]
 [1389.  467.  409.    0. 1015.  570.  838.    0.    0.  909.    0.    0.
     0. 1239.    0.    0.  349.    0.    0.    0.  211. 1167.  673.  776.
  1351.    0.    0.    0. 1027. 1004.  961.    0.  439.    0.    0. 1057.
   907.    0.    0.    0.  120.    0.    0.  969.    0.  721. 1242.  481.
   746.  797.]
 [ 225.    0.    0.    0.  498. 1029.  584.    0.    0.  621.    0.    0.
  1239.    0. 1250.    0.    0. 1136. 1120.    0. 1210.  190.  901.  751.
   164.    0.  857. 1005.  392.  434.  331. 1115.    0.  804.    0.  345.
   564.  777. 1059. 1293.    0.  601. 1237.  397. 1218.  644.  282.  823.
   797.  981.]
 [1406.    0.    0.    0.  922.  903.  851.  921.  414.  844. 1066.    0.
     0. 1250.    0. 1316.    0.  796.  781. 1258.  115. 1191.  775.  723.
  1308.    0.  479.  819. 1046. 1015.  919. 1388.    0.  936.  949. 1012.
   910.  699.  307.    0.    0.    0. 1461.  995.  744.  729. 1183.  468.
   763.  880.]
 [1311.    0.    0.  751.  676.    0.    0.  541.  987.    0.  328.  815.
     0.    0. 1316.    0.    0.  685.  672.  376. 1274.    0.    0.    0.
     0.  614.    0.  636.    0.    0.    0.  354. 1303.  729.    0.    0.
     0.    0. 1219.  977. 1282.    0.  203.    0.  798.    0.    0.    0.
     0.    0.]
 [1052.  743.  746.    0.    0.  376.    0.    0.    0.    0.    0.    0.
   349.    0.    0.    0.    0.    0.    0.    0.    0.    0.  485.    0.
     0.    0.   50.    0.    0.    0.    0.    0.  719.    0.    0.    0.
     0.    0.    0.    0.  457.    0.    0.    0.    0.    0.    0.    0.
     0.  615.]
 [1273.    0.    0.    0.  641.    0.    0.  448.  469.  631.  436.  801.
     0. 1136.  796.  685.    0.    0.   76.  627.  755.    0.    0.    0.
  1081.  614.    0.  251.    0.    0.    0.  757.  790.  417.    0.    0.
     0.  363.  632.  498.  763.    0.  831.    0.  288.    0.  956.    0.
     0.    0.]
 [1256.    0.    0.    0.  625.    0.    0.  435.  453.  614.  423.  785.
     0. 1120.  781.  672.    0.   76.    0.  612.  740.    0.    0.    0.
  1064.  600.    0.  233.    0.    0.    0.  742.  773.  400.    0.    0.
     0.  347.  616.  475.  748.    0.  817.    0.  269.    0.  940.    0.
     0.    0.]
 [1180.    0.    0.  414.  479.    0.    0.  455.  930.    0.  324.  351.
     0.    0. 1258.  376.    0.  627.  612.    0. 1217.    0.    0.    0.
     0.  319.    0.  520.    0.    0.    0.  253. 1249.    0.  491.    0.
     0.    0. 1176.  919. 1224.    0.  335.    0.  738.    0.    0.    0.
     0.    0.]
 [1366.    0.    0.    0.  881.  864.  812.  879.  369.  803. 1024.    0.
   211. 1210.  115. 1274.    0.  755.  740. 1217.    0. 1152.  736.  682.
  1267.    0.  437.  778. 1006.  911.  879. 1346.    0.  894.  907.  972.
   809.  657.  240.    0.  110.    0. 1419.  951.  703.  689. 1142.  427.
   723.  841.]
 [ 353.    0.    0.    0.  613.  978.  724.    0.    0.  663.    0.    0.
  1167.  190. 1191.    0.    0.    0.    0.    0. 1152.    0.  848.    0.
   294.    0.  793. 1063.  260.  479.  269.    0.    0.  862.    0.  287.
   585.    0. 1010.    0.    0.  720.    0.  335.    0.  588.  347.  766.
   742.  929.]
 [1058. 1068.    0.    0.  925.  207.  523.  943.    0.  814. 1301.    0.
   673.  901.  775.    0.  485.    0.    0.    0.  736.  848.    0.  633.
  1030.    0.  337.    0.  709.  820.  685.    0.    0.  968.  982.  772.
   721.  711.  519.    0.  773.    0.    0.  686. 1202.  407. 1027.  312.
   235.  313.]
 [ 885.    0.    0.    0.  393.  763.  579.  398.  676.  282.  801.    0.
   776.  751.  723.    0.    0.    0.    0.    0.  682.    0.  633.    0.
   666.    0.  503.  637.  702.  295.  432.    0.  989.  413.  458.    0.
   279.  273.  568.  784.    0.    0.    0.  338.    0.  405.  523.  512.
   621.  740.]
 [ 250.    0.    0.    0.  655. 1159.  650.    0. 1157.  832.    0.    0.
  1351.  164. 1308.    0.    0. 1081. 1064.    0. 1267.  294. 1030.  666.
     0.    0.  977.  949.  516.  556.  452. 1061. 1463.  748.    0.  420.
   749.  721. 1117. 1235.    0.  547. 1183.  471. 1162.  770.  252.  949.
   924. 1110.]
 [ 819.    0.    0.    0.  316.    0.    0.  193.    0.    0.  451.  342.
     0.    0.    0.  614.    0.  614.  600.  319.    0.    0.    0.    0.
     0.    0.    0.  567.    0.    0.    0.  517.    0.    0.  231.    0.
     0.    0.    0.    0.    0.    0.  594.    0.    0.    0.    0.    0.
     0.    0.]
 [1010.    0.    0.    0.  750.    0.  457.  783.    0.  641. 1196.    0.
     0.  857.  479.    0.   50.    0.    0.    0.  437.  793.  337.  503.
   977.    0.    0.    0.  651.  723.  627.    0.    0.  797.  811.  686.
   698.  549.  278.    0.    0.    0.    0.  653.    0.  335.  977.   86.
   325.  429.]
 [1141.    0.    0.    0.    0.    0. 1100.  361.  560.  545.  375.  699.
     0. 1005.  819.  636.    0.  251.  233.  520.  778. 1063.    0.  637.
   949.  567.    0.    0. 1114.  696.  906.  648.  811.  330.    0.  936.
   641.  368.  702.  553.  785.    0.  720.  813.  344.  960.  825.    0.
     0.    0.]
 [ 546.    0.    0.    0.  783.  853.  432.  881. 1099.  717. 1342.    0.
  1027.  392. 1046.    0.    0.    0.    0.    0. 1006.  260.  709.  702.
   516.    0.  651. 1114.    0.  533.  332.    0. 1422.  914.  871.  344.
   633.  788.  859. 1268.    0.    0.    0.  386.    0.  518.  514.  552.
   608.  800.]
 [ 569.    0.    0.    0.  301.  950.  552.  403.  805.  257.    0.    0.
  1004.  434. 1015.    0.    0.    0.    0.    0.  911.  479.  820.  295.
   325.    0.  723.  696.  533.    0.  287.    0. 1106.  444.  390.  214.
   175.  394.  808.    0.    0.  389.    0.  163.    0.  503.  217.  689.
   714.  901.]
 [ 484.    0.    0.    0.  555.  816.  474.  655.  873.  486. 1054.    0.
   961.  331.  919.    0.    0.    0.    0.    0.  879.  269.  685.  432.
   452.    0.  627.  906.  332.  287.    0.    0. 1191.  661.  644.  233.
   517.  527.  732.  980.    0.    0.    0.  160.    0.  367.  450.  601.
   579.  767.]
 [1346.    0.    0.  512.  681.    0.    0.  549. 1059.    0.  463.  397.
     0. 1115. 1388.  354.    0.  757.  742.  253. 1346.    0.    0.    0.
  1061.  517.    0.  648.    0.    0.    0.    0. 1377.    0.  693.    0.
     0.    0. 1299. 1049. 1354.    0.  223.    0.  868.    0.  935.    0.
     0.    0.]
 [1668.    0.   53.    0. 1090.  943.    0.  907.  388.  999. 1053. 1426.
   439.    0.    0. 1303.  719.  790.  773. 1249.    0.    0.    0.  989.
  1463.    0.    0.  811. 1422. 1106. 1191. 1377.    0.  998. 1016. 1279.
  1004.  795.  556.  493.  342.    0. 1448. 1194.  779.    0. 1338.    0.
     0.    0.]
 [ 940.    0.    0.    0.  322. 1098.  838.  140.  674.  299.  462.    0.
     0.  804.  936.  729.    0.  417.  400.    0.  894.  862.  968.  413.
   748.    0.  797.  330.  914.  444.  661.    0.  998.    0.    0.  694.
   400.  244.  793.  687.  965.    0.    0.  597.  555.  712.  624.  769.
   923. 1075.]
 [ 771.    0.    0.    0.  216. 1111.  821.   98.  704.  335.    0.  514.
     0.    0.  949.    0.    0.    0.    0.  491.  907.    0.  982.  458.
     0.  231.  811.    0.  871.  390.  644.  693. 1016.    0.    0.  587.
   382.  335.  754.  749.    0.    0.  775.  496.    0.  704.    0.  845.
   913. 1089.]
 [ 499.    0.    0.    0.  498.  901.  501.  598.  965.  485. 1050.    0.
  1057.  345. 1012.    0.    0.    0.    0.    0.  972.  287.  772.    0.
   420.    0.  686.  936.  344.  362.  233.    0. 1279.  694.  587.    0.
   575.    0.  821.    0.    0.    0.    0.  129.    0.  458.  418.  736.
   667.  853.]
 [ 767.    0.    0.    0.  281.  851.  510.  406.  705.  187.  764.    0.
   907.  564.  910.    0.    0.    0.    0.    0.  809.  585.  721.  162.
   438.    0.  698.  641.  633.  175.  314.    0. 1004.  400.  382.  350.
     0.  288.  703.    0.    0.    0.    0.  237.    0.  406.  330.  665.
   615.  802.]
 [ 913.    0.    0.    0.  328.  840.  664.  236.  479.  257.  610.    0.
     0.  777.  699.    0.    0.  363.  347.    0.  657.    0.  711.  273.
   721.    0.  549.  368.  788.  394.  527.    0.  795.  244.  335.    0.
   288.    0.  536.  525.    0.    0.    0.  436.  447.  521.  596.  518.
   698.  818.]
 [1217.    0.    0.    0.  730.  634.  665.  644.  297.  685.  974.    0.
     0. 1059.  307. 1219.    0.  632.  616. 1176.  240. 1010.  519.  568.
  1117.    0.  278.  702.  859.  808.  732. 1299.  556.  793.  754.  821.
   703.  536.    0.  514.  337.    0. 1363.  795.  634.  542.  991.  270.
   508.  614.]
 [1426.    0.    0.    0.  793.    0.    0.  643.  234.    0.  727. 1093.
     0. 1293.    0.  977.    0.  498.  475.  919.    0.    0.    0.  784.
  1235.    0.    0.  553. 1268.    0.  980. 1049.  493.  687.  749.    0.
     0.  525.  514.    0.    0.    0. 1122.    0.  401.  970. 1111.    0.
     0.    0.]
 [1473.  374.  375.    0.    0.  672.    0.  893.  353.    0. 1032. 1398.
   120.    0.    0. 1282.  457.  763.  748. 1224.  110.    0.  773.    0.
     0.    0.    0.  785.    0.    0.    0. 1354.  342.  965.    0.    0.
     0.    0.  337.    0.    0.    0. 1427.    0.  711.    0.    0.    0.
     0.    0.]
 [ 739.    0.    0.   44.  233.    0.    0.    0.    0.    0.    0.    0.
     0.  601.    0.    0.    0.    0.    0.    0.    0.  720.    0.    0.
   547.    0.    0.    0.    0.  389.    0.    0.    0.    0.    0.    0.
     0.    0.    0.    0.    0.    0.    0.    0.    0.    0.  422.    0.
     0.    0.]
 [1467.    0.    0.  634.  760.    0.    0.  622. 1133.    0.  542.  519.
     0. 1237. 1461.  203.    0.  831.  817.  335. 1419.    0.    0.    0.
  1183.  594.    0.  720.    0.    0.    0.  223. 1448.    0.  775.    0.
     0.    0. 1363. 1122. 1427.    0.    0.    0.  943.    0. 1057.    0.
     0.    0.]
 [ 551.    0.    0.    0.  405.  816.  391.  509.  878.  386.  955.    0.
   969.  397.  995.    0.    0.    0.    0.    0.  951.  335.  686.  338.
   471.    0.  653.  813.  386.  269.  160.    0. 1194.  597.  496.  129.
   389.  436.  795.    0.    0.    0.    0.    0.    0.  371.    0.  619.
   581.  767.]
 [1354.    0.    0.    0.  724. 1332.    0.  601.  470.  713.  549.  910.
     0. 1218.  744.  798.    0.  288.  269.  738.  703.    0. 1202.    0.
  1162.    0.    0.  344.    0.    0.    0.  868.  779.  555.    0.    0.
     0.  447.  634.  401.  711.    0.  943.    0.    0.    0. 1037.    0.
  1190. 1310.]
 [ 800.    0.    0.    0.  610.  544.  330.  691.    0.  577. 1122.    0.
   721.  644.  729.    0.    0.    0.    0.    0.  689.  588.  407.  405.
   770.    0.  335.  960.  518.  503.  367.    0.    0.  712.  704.  458.
   406.  521.  542.  970.    0.    0.    0.  371.    0.    0.  741.  336.
   282.  468.]
 [ 428.    0.    0.    0.  472. 1156.  648.    0. 1034.  440.    0.    0.
  1242.  282. 1183.    0.    0.  956.  940.    0. 1142.  347. 1027.  523.
   148.    0.  977.  825.  514.  372.  450.  935. 1338.  624.    0.  418.
   564.  596.  991. 1111.    0.  422. 1057.    0. 1037.  741.    0.  947.
   922. 1108.]
 [ 979.    0.    0.    0.  723.  457.  381.  753.    0.  613. 1180.    0.
   481.  823.  468.    0.    0.    0.    0.    0.  427.  766.  312.  512.
   949.    0.   86.    0.  552.  689.  601.    0.    0.  769.  845.  736.
   665.  518.  270.    0.    0.    0.    0.  619.    0.  336.  947.    0.
   302.  407.]
 [ 953.    0.    0.    0.  819.  294.  319.  898.    0.  730. 1256.    0.
   746.  797.  763.    0.    0.    0.    0.    0.  723.  742.  235.  621.
   924.    0.  325.    0.  608.  714.  579.    0.    0.  923.  913.  667.
   615.  698.  508.    0.    0.    0.    0.  581. 1190.  282.  922.  302.
     0.  258.]
 [1138. 1191.    0.    0. 1006.  327.  539. 1049.    0.  922. 1408.    0.
   797.  981.  880.    0.  615.    0.    0.    0.  841.  929.  313.  740.
  1110.    0.  429.    0.  800.  901.  767.    0.    0. 1075. 1089.  853.
   802.  818.  614.    0.    0.    0.    0.  767. 1310.  468. 1108.  407.
   258.    0.]]
EOF
