NAME:  DC_co_m_wep_n50
COMMENT: Generated by Finucane, Fulcher, O'Sullivan, and Seth (2021)
TYPE:  GVRP
DIMENSION:  50
CAPACITY:  100
EDGE_TYPE:  DIRECTED
EDGE_WEIGHT_TYPE:  EXPLICIT
EDGE_WEIGHT_FORMAT:  SPARSE_MATRIX
NODE_COORD_TYPE:  TWOD_COORDS
NODE_COORD_SECTION
0 -6.3164 53.3338
1 -6.3077 53.3394
2 -6.3058 53.3273
3 -6.3049 53.36
4 -6.3047 53.3613
5 -6.3039 53.339
6 -6.3028 53.3284
7 -6.3028 53.3353
8 -6.3027 53.329
9 -6.3027 53.3592
10 -6.299 53.3365
11 -6.298 53.341
12 -6.297 53.358
13 -6.2962 53.3543
14 -6.2953 53.3643
15 -6.2934 53.3614
16 -6.2926 53.3487
17 -6.2883 53.3304
18 -6.2858 53.332
19 -6.2841 53.3627
20 -6.2803 53.3419
21 -6.2791 53.3428
22 -6.2751 53.3608
23 -6.2714 53.3603
24 -6.2701 53.3312
25 -6.2698 53.3592
26 -6.2686 53.334
27 -6.2679 53.3568
28 -6.2669 53.3542
29 -6.2668 53.3569
30 -6.264 53.3262
31 -6.2585 53.3453
32 -6.2579 53.3556
33 -6.2571 53.3575
34 -6.2533 53.3326
35 -6.2494 53.3537
36 -6.2493 53.3441
37 -6.2482 53.3533
38 -6.2432 53.361
39 -6.2424 53.3602
40 -6.2419 53.3639
41 -6.2408 53.3442
42 -6.2392 53.3358
43 -6.2391 53.3387
44 -6.2389 53.3258
45 -6.2338 53.3396
46 -6.2322 53.3347
47 -6.2244 53.3378
48 -6.2205 53.363
49 -6.2153 53.3354
DEPOT_SECTION:
0
-1
DEMAND_SECTION
0 3
1 2
2 1
3 3
4 2
5 3
6 3
7 1
8 3
9 2
10 1
11 3
12 2
13 2
14 3
15 3
16 2
17 3
18 3
19 2
20 2
21 1
22 2
23 1
24 1
25 3
26 2
27 3
28 1
29 2
30 2
31 3
32 3
33 1
34 1
35 3
36 1
37 1
38 3
39 3
40 3
41 3
42 1
43 3
44 3
45 1
46 2
47 3
48 1
49 2
EDGE_WEIGHT_SECTION
[[   0.  854.  688.  646.  532. 1502.   61. 1253.  529.  874. 1008. 1220.
   747.  909.  819. 1392.  944. 1294.  447.  799. 1045.  948. 1117. 1208.
   874.  615. 1328. 1072.  820. 1004.  931.  896.  595.  927. 1074. 1187.
   874.  550.  850.  896. 1037.  686.  774. 1040.  894. 1821.  579.  796.
  1048.  995.]
 [ 593.    0.    0.  849.    0. 1372.    0.    0.    0.    0.    0. 1139.
     0.    0.    0.    0.    0.    0.  642.  166.    0.    0.    0.    0.
     0.  165.    0.    0.    0.    0.    0.    0.  562.    0. 1032.  295.
   218.    0.    0.    0.    0.  280.    0.  997.    0.    0.  345.  679.
     0. 1027.]
 [ 477.    0.    0.  611.  742.    0.  435.    0.  273.  129.  334.    0.
   874.    0.   87.    0. 1058.  515.  610.  928.  757.  521.  807.  455.
     0.  786.    0.  776.  601.    0.  192.  654.    0.    0.  897.    0.
  1013.  468.  189.    0.    0.  902.  394.  645.    0.    0.  825.  763.
     0.    0.]
 [ 442.  849.  611.    0.    0.  645.  432.    0.  343.  694.  714.  462.
     0.    0.  667.    0.  900.    0.  279.    0. 1108.  435. 1156.    0.
     0.    0.    0. 1127.  956.  647.    0. 1007.  309.    0.  310. 1053.
   853.  777.  726. 1008.    0.  606.  400.  274.    0.    0.  532.  311.
     0.  303.]
 [ 369.    0.  742.    0.    0.    0.  328.    0.    0.    0.  963.    0.
   308.  764.  783.    0.    0. 1161.    0.  279.  882.    0.  932. 1101.
   760.  313.    0.  901.  726.  961.    0.  779.    0.    0.    0.    0.
     0.  484.  852.  779.    0.    0.    0.    0.    0.    0.    0.    0.
     0.    0.]
 [1032. 1372.    0.  645.    0.    0.    0.    0.    0.    0.    0.  304.
     0.    0.    0.    0. 1429.  869.    0.    0.    0.  430.    0.  859.
     0.    0.  128.    0.    0.    0.    0.    0.  891.    0.  545. 1584.
  1378.    0.    0.    0.    0. 1133.  563.    0.    0.  952.    0.  917.
     0.    0.]
 [  43.    0.  435.  432.  328.    0.    0.    0.  325.    0.  657.    0.
   502.  588.  527.    0.  635.  854.  297.  514.  682.    0.  732.  794.
   561.  410.    0.  701.  525.  654.    0.  579.    0.    0.    0.    0.
   587.  340.  546.  578.    0.  464.    0.  676.    0.    0.  389.    0.
     0.  645.]
 [ 867.    0.    0.    0.    0.    0.    0.    0.    0.    0.    0.  152.
     0.    0.    0.    0.    0.    0.    0.    0.    0.  187.    0.    0.
     0.    0.  189.    0.    0.    0.    0.    0.    0.    0.    0.    0.
     0.    0.    0.    0.    0.    0.  355.  157.    0.    0.    0.    0.
     0.  135.]
 [ 365.    0.  273.  343.    0.    0.  325.    0.    0.  357.  320.    0.
   773.    0.  330.    0.  856.    0.  351.    0.  926.  311.  976.    0.
     0.  687.    0.  945.  772.  317.    0.  824.  446.    0.  629.    0.
   804.  589.  329.    0.    0.  682.  170.  378.    0.    0.  610.  524.
     0.    0.]
 [ 606.    0.  129.  694.    0.    0.    0.    0.  357.    0.  406.    0.
     0.    0.  131.    0.    0.  569.    0.    0.    0.  609.    0.  509.
     0.    0.    0.    0.    0.    0.  239.    0.    0.  204.  982.    0.
     0.    0.  229.    0.    0.    0.  480.  727.    0.    0.    0.    0.
     0.    0.]
 [ 698.    0.  334.  714.  963.    0.  657.    0.  320.  406.    0.    0.
  1100.    0.  377.    0. 1179.  320.    0. 1149.    0.  351.    0.  258.
     0. 1013.    0.    0.    0.   58.  207.    0.    0.  446.  861.    0.
  1128.  740.  180.    0.    0. 1014.  301.  631.    0.  658.  941.    0.
     0.  563.]
 [ 841. 1139.    0.  462.    0.  304.    0.  152.    0.    0.    0.    0.
     0.    0.    0.    0. 1195.    0.    0.    0.    0.    0.    0.    0.
     0.    0.  200.    0.    0.    0.    0.    0.  734.    0.  280. 1349.
  1144.    0.    0.    0.    0.  898.    0.  144.    0.    0.    0.  686.
     0.  142.]
 [ 519.    0.  874.    0.  308.    0.  502.    0.  773.    0. 1100.    0.
     0.  980.  962.    0.    0. 1297.  706.   64.    0.    0.    0. 1238.
     0.  148.    0.    0.    0. 1098.    0.    0.    0.    0.    0.    0.
     0.    0.  991.    0.    0.    0.    0.    0.    0.    0.    0.    0.
     0. 1092.]
 [ 630.    0.    0.    0.  764.    0.  588.    0.    0.    0.    0.    0.
   980.    0.    0.    0. 1143.  660.  852.  951.  511.    0.  560.  870.
   164.  873.    0.  529.  356.  833.  335.  409.    0.  181.    0.    0.
  1096.  567.  334.  233.    0. 1025.    0.    0.    0.    0.  951.    0.
   279.    0.]
 [ 568.    0.   87.  667.  783.    0.  527.    0.  330.  131.  377.    0.
   962.    0.    0.    0. 1146.  579.  696.  969.    0.  581.    0.  518.
     0.  874.    0.    0.    0.    0.  231.    0.    0.   75.  955.    0.
  1102.  587.  218.    0.    0.  987.  452.  701.    0.    0.  910.  850.
   168.    0.]
 [ 963.    0.    0.    0.    0.    0.    0.    0.    0.    0.    0.    0.
     0.    0.    0.    0.    0.    0.    0.    0.    0.    0.    0.  136.
     0.    0.    0.    0.    0.    0.    0.    0.    0.    0.    0.    0.
     0.    0.    0.    0.    0.    0.    0.    0.    0.  470.    0.    0.
     0.    0.]
 [ 650.    0. 1058.  900.    0. 1429.  635.    0.  856.    0. 1179. 1195.
     0. 1143. 1146.    0.    0. 1482.  693.    0.    0.    0.    0. 1422.
  1140.  343.    0.    0.    0. 1176.    0.    0.  687.    0. 1089.  341.
    59.    0. 1175. 1156.    0.  362.    0. 1054.    0.    0.  395.  736.
     0. 1083.]
 [ 895.    0.  515.    0. 1161.  869.  854.    0.    0.  569.  320.    0.
  1297.  660.  579.    0. 1482.    0.  973. 1347.    0.  464.    0.  103.
     0. 1210.    0.    0.    0.  266.  340.    0.    0.  593.    0.    0.
  1435.  960.  357.    0.    0. 1267.    0.    0.    0.  469. 1193.    0.
     0.    0.]
 [ 308.  642.  610.  279.    0.    0.  297.    0.  351.    0.    0.    0.
   706.  852.  696.    0.  693.  973.    0.    0.  957.  678. 1006.  913.
   839.    0.    0.  976.  801.    0.  750.  854.  102.    0.    0.  846.
   646.  621.  715.  854.    0.  399.  495.    0.    0.    0.  325.  282.
     0.  599.]
 [ 555.  166.  928.    0.  279.    0.  514.    0.    0.    0. 1149.    0.
    64.  951.  969.    0.    0. 1347.    0.    0.  949.    0.  999. 1287.
   937.    0.    0.  968.  747. 1146.    0.  846.    0.    0.    0.  316.
   288.  521. 1038.  962.    0.    0.    0.    0.    0.    0.    0.    0.
     0.    0.]
 [ 723.    0.  757. 1108.  882.    0.  682.    0.  926.    0.    0.    0.
     0.  511.    0.    0.    0.    0.  957.  949.    0. 1201.  112.    0.
   503.  987.    0.   74.  300.    0.    0.  189.    0.    0.    0.    0.
     0.  809.    0.  448.  482. 1123. 1073. 1271.    0.    0. 1012.    0.
     0. 1239.]
 [ 656.    0.  521.  435.    0.  430.    0.  187.  311.  609.  351.    0.
     0.    0.  581.    0.    0.  464.  678.    0. 1201.    0. 1251.  507.
     0.    0.    0. 1220. 1046.  321.  485. 1099.    0.    0.    0.    0.
     0.  863.  462.    0.    0.    0.  172.    0.    0.  856.    0.    0.
     0.  134.]
 [ 773.    0.  807. 1156.  932.    0.  732.    0.  976.    0.    0.    0.
     0.  560.    0.    0.    0.    0. 1006.  999.  112. 1251.    0.    0.
   515. 1037.    0.   80.  336.    0.    0.  242.    0.    0.    0.    0.
     0.  881.    0.  501.  534. 1173. 1123. 1320.    0.    0. 1062.    0.
     0. 1288.]
 [ 835.    0.  455.    0. 1101.  859.  794.    0.    0.  509.  258.    0.
  1238.  520.  518.  136. 1422.  103.  913. 1287.    0.  507.    0.    0.
     0. 1150.    0.    0.    0.  280.  213.    0.    0.  533.    0.    0.
  1375.  901.  257.    0.    0. 1207.    0.    0.    0.  426. 1134.    0.
     0.    0.]
 [ 602.    0.    0.    0.  760.    0.  561.    0.    0.    0.    0.    0.
     0.  164.    0.    0. 1140.    0.  839.  937.  503.    0.  515.    0.
     0.  871.    0.  484.  338.    0.    0.  362.    0.    0.    0.    0.
  1092.  550.    0.  163.    0. 1002.    0.    0.    0.    0.  894.    0.
     0.    0.]
 [ 426.  165.  786.    0.  313.    0.  410.    0.  687.    0. 1013.    0.
   148.  873.  874.    0.  343. 1210.    0.    0.  987.    0. 1037. 1150.
   871.    0.    0. 1006.  928. 1010.    0.  885.    0.    0.    0.  396.
   252.  673.  904.  885.    0.  286.    0.    0.    0.    0.  293.  680.
     0.    0.]
 [ 914.    0.    0.    0.    0.  128.    0.  189.    0.    0.    0.  200.
     0.    0.    0.    0.    0.    0.    0.    0.    0.    0.    0.    0.
     0.    0.    0.    0.    0.    0.    0.    0.    0.    0.  514.    0.
     0.    0.    0.    0.    0.    0.    0.  204.    0.  940.    0.    0.
     0.  229.]
 [ 742.    0.  776. 1127.  901.    0.  701.    0.  945.    0.    0.    0.
     0.  529.    0.    0.    0.    0.  976.  968.   74. 1220.   80.    0.
   484. 1006.    0.    0.  304.    0.    0.  208.    0.    0.    0.    0.
     0.  835.    0.  467.  501. 1142. 1092. 1290.    0.    0. 1031.    0.
     0. 1258.]
 [ 567.    0.  601.  956.  726.    0.  525.    0.  772.    0.    0.    0.
     0.  356.    0.    0.    0.    0.  801.  747.  300. 1046.  336.    0.
   338.  928.    0.  304.    0.    0.    0.  183.    0.    0.    0.    0.
     0.  518.    0.  329.  420.  966.  919. 1118.    0.    0.  856.    0.
     0. 1086.]
 [ 695.    0.    0.  647.  961.    0.  654.    0.  317.    0.   58.    0.
  1098.  498.    0.    0. 1176.  266.    0. 1146.    0.  321.    0.  280.
     0. 1010.    0.    0.    0.    0.  220.    0.    0.    0.  858.    0.
  1126.  816.    0.    0.    0. 1011.  298.  628.    0.  630.  938.    0.
     0.    0.]
 [ 643.    0.  192.    0.    0.    0.    0.    0.    0.  239.  346.    0.
     0.  335.  231.    0.    0.  340.  750.    0.    0.  485.    0.  367.
     0.    0.    0.    0.    0.  371.    0.    0.    0.  263.    0.    0.
     0.    0.   56.    0.    0. 1054.    0.    0.    0.    0.  979.  856.
     0.    0.]
 [ 620.    0.  654. 1007.  779.    0.  579.    0.  824.    0.    0.    0.
     0.  409.    0.    0.    0.    0.  854.  846.  189. 1099.  242.    0.
   362.  885.    0.  208.  183.    0.    0.    0.    0.    0.    0.    0.
     0.  660.    0.  339.  373. 1020.  971. 1170.    0.    0.  909.    0.
     0. 1138.]
 [ 410.  562.    0.  309.    0.  891.    0.    0.  446.    0.    0.  734.
     0.    0.    0.    0.  687.    0.  102.    0.    0.    0.    0.    0.
     0.    0.    0.    0.    0.    0.    0.    0.    0.    0.  619.  772.
   568.    0.    0.    0.    0.  321.  563.  516.    0.    0.  285.  258.
     0.  545.]
 [ 643.    0.    0.    0.    0.    0.    0.    0.    0.  204.  446.    0.
     0.  109.   75.    0.    0.  593.    0.    0.    0.    0.    0.  533.
     0.    0.    0.    0.    0.    0.  263.    0.    0.    0.    0.    0.
     0.    0.  249.    0.    0.    0.    0.    0.    0.    0.    0.    0.
   144.    0.]
 [ 737. 1032.  897.  310.    0.  545.    0.    0.  629.  982.  861.  280.
     0.    0.  955.    0. 1089.    0.    0.    0.    0.    0.    0.    0.
     0.    0.  514.    0.    0.  858.    0.    0.  619.    0.    0. 1243.
  1038.    0.  938.    0.    0.  793.  569.  361.    0.    0.    0.  609.
     0.  437.]
 [ 822.  295.    0. 1053.    0. 1584.    0.    0.    0.    0.    0. 1349.
     0.    0.    0.    0.  341.    0.  846.  316.    0.    0.    0.    0.
     0.  396.    0.    0.    0.    0.    0.    0.  772.    0. 1243.    0.
   355.    0.    0.    0.    0.  532.    0. 1209.    0.    0.  549.  890.
     0. 1238.]
 [ 603.  368. 1013.  853.    0. 1378.  587.    0.  804.    0. 1128. 1144.
     0. 1096. 1102.    0.   59. 1435.  646.  288.    0.    0.    0. 1375.
  1092.  420.    0.    0.    0. 1126.    0.    0.  568.    0. 1038.  355.
     0.    0. 1127. 1108.    0.  284.    0. 1003.   17.    0.  348.  685.
     0. 1032.]
 [ 381.    0.  468.  777.  484.    0.  340.    0.  589.    0.  740.    0.
     0.  567.  587.    0.    0.  960.  621.  521.  488.  863.  532.  901.
   550.  673.    0.  504.  313.  816.    0.  399.    0.    0.    0.    0.
     0.    0.    0.  575.    0.  781.  736.  937.    0.    0.  745.    0.
     0.  905.]
 [ 587.    0.  189.  726.  852.    0.  546.    0.  329.  229.  297.    0.
   991.  334.  218.    0. 1175.  357.  715. 1038.    0.  462.    0.  433.
     0.  904.    0.    0.    0.    0.   56.    0.    0.  249.  938.    0.
  1127.    0.    0.    0.    0.  958.  378.  708.    0.    0.  885.    0.
     0.  640.]
 [ 619.    0.    0. 1008.  779.    0.  578.    0.    0.    0.    0.    0.
     0.  233.    0.    0. 1156.    0.  854.  962.  448.    0.  501.    0.
   163.  885.    0.  467.  329.    0.    0.  339.    0.    0.    0.    0.
  1108.  575.    0.    0.  105. 1019.    0.    0.    0.    0.  908.    0.
     0.    0.]
 [ 717.    0.    0.    0.    0.    0.    0.    0.    0.    0.    0.    0.
     0.    0.    0.    0.    0.    0.    0.    0.  482.    0.  534.    0.
     0.    0.    0.  501.  420.    0.    0.  373.    0.    0.    0.    0.
     0.    0.    0.  105.    0.    0.    0.    0.    0.    0.    0.    0.
     0.    0.]
 [ 474.  280.  902.  606.    0. 1133.  464.    0.  682.    0. 1014.  898.
     0. 1025.  987.    0.  362. 1267.  399.    0. 1123.    0. 1173. 1207.
  1002.  286.    0. 1142.  966. 1011. 1054. 1020.  321.    0.  793.  532.
   284.  781.  958. 1019.    0.    0.  862.  758.    0.    0.  151.  440.
     0.  787.]
 [ 535.    0.  394.  400.    0.  563.    0.  355.  170.  480.  301.    0.
     0.    0.  452.    0.    0.    0.  495.    0. 1073.  172. 1123.    0.
     0.    0.    0. 1092.  919.  298.    0.  971.  563.    0.  569.    0.
     0.  736.  378.    0.    0.  862.    0.  335.    0.    0.  788.  629.
     0.  266.]
 [ 716.  997.  645.  274.    0.    0.  676.  157.  378.  727.  631.  144.
     0.    0.  701.    0. 1054.    0.    0.    0. 1271.    0. 1320.    0.
     0.    0.  204. 1290. 1118.  628.    0. 1170.  516.    0.  361. 1209.
  1003.  937.  708.    0.    0.  758.  335.    0.    0.    0.    0.  543.
     0.   98.]
 [ 616.    0.    0.    0.    0.    0.    0.    0.    0.    0.    0.    0.
     0.    0.    0.    0.    0.    0.    0.    0.    0.    0.    0.    0.
     0.    0.    0.    0.    0.    0.    0.    0.    0.    0.    0.    0.
    17.    0.    0.    0.    0.    0.    0.    0.    0.    0.    0.    0.
     0.    0.]
 [1261.    0.    0.    0.    0.  952.    0.    0.    0.    0.  658.    0.
     0.    0.    0.  470.    0.  469.    0.    0.    0.  856.    0.  426.
     0.    0.  940.    0.    0.  630.    0.    0.    0.    0.    0.    0.
     0.    0.    0.    0.    0.    0.    0.    0.    0.    0.    0.    0.
     0.    0.]
 [ 399.  345.  825.  532.    0.    0.  389.    0.  610.    0.  941.    0.
     0.  951.  910.    0.  395. 1193.  325.    0. 1012.    0. 1062. 1134.
   894.  293.    0. 1031.  856.  938.  979.  909.  285.    0.    0.  549.
   348.  745.  885.  908.    0.  151.  788.    0.    0.    0.    0.  422.
     0.    0.]
 [ 547.  679.  763.  311.    0.  917.    0.    0.  524.    0.    0.  686.
     0.    0.  850.    0.  736.    0.  282.    0.    0.    0.    0.    0.
     0.  680.    0.    0.    0.    0.  856.    0.  258.    0.  609.  890.
   685.    0.    0.    0.    0.  440.  629.  543.    0.    0.  422.    0.
     0.  572.]
 [ 728.    0.    0.    0.    0.    0.    0.    0.    0.    0.    0.    0.
     0.  279.  168.    0.    0.    0.    0.    0.    0.    0.    0.    0.
     0.    0.    0.    0.    0.    0.    0.    0.    0.  144.    0.    0.
     0.    0.    0.    0.    0.    0.    0.    0.    0.    0.    0.    0.
     0.    0.]
 [ 684. 1027.    0.  303.    0.    0.  645.  228.    0.    0.  563.  235.
  1092.    0.    0.    0. 1083.    0.  599.    0. 1239.  227. 1288.    0.
     0.    0.  229. 1258. 1086.    0.    0. 1138.  545.    0.  437. 1238.
  1032.  905.  640.    0.    0.  787.  266.  161.    0.    0.    0.  572.
     0.    0.]]
EOF
