NAME:  DC_co_m_wep_n20
COMMENT: this is testing the generating format
TYPE:  GVRP
DIMENSION:  20
CAPACITY:  100
EDGE_TYPE:  DIRECTED
EDGE_WEIGHT_TYPE:  EXPLICIT
EDGE_WEIGHT_FORMAT:  SPARSE_MATRIX
NODE_COORD_TYPE:  TWOD_COORDS
NODE_COORD_SECTION
0 -6.315 53.33
1 -6.3146 53.3396
2 -6.3125 53.3306
3 -6.2904 53.3637
4 -6.287 53.3637
5 -6.2849 53.3497
6 -6.2785 53.3588
7 -6.2654 53.3415
8 -6.2642 53.3601
9 -6.2615 53.3287
10 -6.2612 53.3648
11 -6.2611 53.3519
12 -6.2607 53.3584
13 -6.2579 53.3634
14 -6.2571 53.3277
15 -6.2498 53.3543
16 -6.2481 53.3461
17 -6.2276 53.3468
18 -6.2243 53.3264
19 -6.2183 53.3638
DEPOT_SECTION:
0
-1
DEMAND_SECTION
0 3
1 2
2 2
3 1
4 3
5 1
6 3
7 3
8 2
9 1
10 3
11 3
12 2
13 3
14 1
15 2
16 2
17 1
18 3
19 1
EDGE_WEIGHT_SECTION
[[   0.  796. 1463. 2005. 1237. 1640. 1928. 1759. 1887.  949. 1835. 1574.
  1569. 1670.  883. 1141. 1719. 1372. 1050. 1919.]
 [ 621.    0.  597. 1381.  391.  704.    0.  757. 1488.  888.    0.  904.
     0.  690.  872.  520.    0.  483.  607. 1513.]
 [1152.  597.    0. 1197.  247.  833.    0.  337. 1273.  858.    0.  768.
   243.  349.    0.  430.    0.  597.  726. 1296.]
 [1575. 1381. 1197.    0.    0. 1865. 1105. 1382.  459.  971. 1041.  655.
  1211. 1312.  910. 1035. 1002. 1123.  889.  705.]
 [ 973.  391.  247.    0.    0.  699.    0.  446.    0.  849.    0.    0.
     0.  375.  835.  268.    0.  405.  462.    0.]
 [1284.  704.  833. 1865.  699.    0.    0.    0. 1949. 1518.    0. 1271.
   904.  768. 1503.    0.    0.  946. 1124. 1972.]
 [1512.    0.    0. 1105.    0.    0.    0.  620. 1336. 1184.  183.  427.
   434.    0. 1118.  619.  429.    0.  853. 1354.]
 [1385.  757.  203. 1382.  446.    0.  620.    0. 1454.    0.  535.  709.
   252.  175.    0.  428.  498.    0.  723. 1476.]
 [1480. 1488. 1273.  459.    0. 1949. 1336. 1454.    0.  887. 1272.  888.
  1286. 1384.  824. 1248. 1235. 1321.  842.  101.]
 [ 749.  888.  858.  971.  849. 1518. 1184.    0.  887.    0. 1124.  833.
     0.    0.   73.  667. 1106.  651.  393.  913.]
 [1438.    0.    0. 1041.    0.    0.   68.  535. 1272. 1124.    0.  408.
   362.  560. 1058.  545.  213.    0.  793. 1291.]
 [1234.  904.  455.  655.    0. 1271.  427.  709.  888.  833.  408.    0.
   539.  639.  767.  442.  376.  701.  501.  909.]
 [1235.    0.   32. 1211.    0.  904.  434.  252. 1286.    0.  362.  539.
     0.  170.    0.  257.  390.    0.  553. 1309.]
 [1315.  690.  132. 1312.  375.  768.    0.  175. 1384.    0.  560.  639.
   170.    0.    0.  357.    0.    0.  652. 1407.]
 [ 694.  872.    0.  910.  835. 1503. 1118.    0.  824.   73. 1058.  767.
     0.    0.    0.    0. 1107.  633.  326.  849.]
 [ 895.  520.  142. 1035.  160.    0.  619.  428. 1248.  667.  545.  442.
   257.  357.    0.    0.  459.  314.  291. 1275.]
 [1348.    0.    0. 1002.    0.    0.  250.  498. 1235. 1106.  213.  376.
   234.    0. 1107.  459.    0.    0.  748. 1255.]
 [ 644.  274.  352. 1123.  240.  946.    0.    0. 1321.  651.    0.  701.
     0.    0.  633.  314.    0.    0.  326. 1349.]
 [ 823.  607.  411.  889.  462. 1124.  853.  723.  842.  393.  793.  501.
   553.  652.  326.  291.  748.  326.    0.  868.]
 [1505. 1513. 1296.  421.    0. 1972. 1354. 1476.   11.  913. 1291.  909.
  1309. 1407.  849. 1275. 1255. 1349.  868.    0.]]
EOF
