NAME:  DC_ce_h_wdo_n50
COMMENT: Generated by Finucane, Fulcher, O'Sullivan, and Seth (2021)TYPE:  GVRP
DIMENSION:  50
CAPACITY:  100
EDGE_TYPE:  DIRECTED
EDGE_WEIGHT_TYPE:  EXPLICIT
EDGE_WEIGHT_FORMAT:  SPARSE_MATRIX
NODE_COORD_TYPE:  TWOD_COORDS
NODE_COORD_SECTION
0 -6.3121 53.3301
1 -6.3103 53.3344
2 -6.3048 53.3262
3 -6.3029 53.3396
4 -6.3 53.3348
5 -6.2953 53.3643
6 -6.2917 53.3429
7 -6.2907 53.3595
8 -6.2899 53.3433
9 -6.2895 53.3394
10 -6.289 53.3542
11 -6.289 53.3605
12 -6.2883 53.3287
13 -6.2811 53.3439
14 -6.2803 53.3406
15 -6.2795 53.3387
16 -6.2795 53.3633
17 -6.2758 53.3507
18 -6.2731 53.3568
19 -6.272 53.3359
20 -6.2716 53.3543
21 -6.2715 53.3469
22 -6.27 53.3303
23 -6.27 53.3462
24 -6.2692 53.3645
25 -6.2688 53.3578
26 -6.266 53.3286
27 -6.2654 53.3415
28 -6.2651 53.3257
29 -6.2642 53.3487
30 -6.2568 53.3263
31 -6.2562 53.3617
32 -6.2517 53.355
33 -6.2463 53.3275
34 -6.2421 53.3334
35 -6.242 53.3596
36 -6.2416 53.352
37 -6.2415 53.3411
38 -6.2402 53.3569
39 -6.2364 53.3503
40 -6.235 53.3565
41 -6.233 53.3639
42 -6.2317 53.35
43 -6.2266 53.3443
44 -6.2262 53.3416
45 -6.2256 53.3275
46 -6.2231 53.3269
47 -6.2225 53.3379
48 -6.2132 53.341
49 -6.213 53.3252
DEPOT_SECTION:
0
-1
DEMAND_SECTION
0 2
1 3
2 1
3 3
4 1
5 2
6 2
7 1
8 2
9 2
10 2
11 3
12 3
13 3
14 1
15 1
16 1
17 2
18 2
19 3
20 3
21 1
22 3
23 3
24 1
25 1
26 3
27 1
28 2
29 2
30 3
31 2
32 2
33 2
34 1
35 2
36 1
37 2
38 1
39 3
40 3
41 3
42 1
43 3
44 2
45 2
46 3
47 3
48 1
49 1
EDGE_WEIGHT_SECTION
[[   0. 2225. 2200.  989.  813. 1504.  934. 1005. 1739.  974. 1494. 1329.
  1791.  395. 1765. 1633. 1364. 1624. 1613. 1448. 1709.  652. 1354. 1066.
   328. 1050. 1305. 1458.  709.  698.  627. 1614. 2124. 1195.  983.  952.
   924. 1173. 1506. 1803. 1841.  948. 1771.  706. 1729.  999.  735. 1260.
  1209. 1405.]
 [1699.    0.  307.    0.    0.  906.    0.    0.    0.    0.    0.    0.
   405.    0.    0.    0.  705.    0.    0.    0.    0.    0. 1006.    0.
     0.    0.    0.    0.    0.    0.    0.    0.    0.    0.    0.    0.
     0.    0.    0.    0.  481.    0.    0.    0.    0.    0.    0.    0.
     0. 1116.]
 [1685.  307.    0.    0.    0.  921.    0.    0.    0.    0.    0.    0.
   396.    0.    0.    0.  719.    0.    0.    0.    0.    0.    0.    0.
     0.    0.    0.    0.    0.    0.    0.    0.  172.    0.    0.    0.
     0.    0.    0.    0.  487.    0.    0.    0.    0.    0.    0.    0.
     0.    0.]
 [ 758.    0.    0.    0.    0.    0.    0.    0.    0.    0.  610.  225.
     0.    0.    0.  695.    0.    0.    0.  363.    0.    0.    0.    0.
     0.    0.    0.    0.    0.    0.    0.  480.    0.    0.    0.    0.
     0.    0.    0.    0.    0.   88.  600.    0.    0.    0.    0.    0.
     0.    0.]
 [ 622.    0.    0.    0.    0. 1026.  696.  136.  702.  226.  522.    0.
   979.  486.  912.  628.    0.  611.  603.  440.  869.  574.  911.  569.
   420.  195.  727.    0.  756.  282.  521.  619. 1072.  316.  210.  469.
   411.  479.  718.  750.    0.  236.  708.  576.  693.  559.  314.  695.
   756.  906.]
 [1154.  906.  921.    0. 1026.    0.  534. 1045.    0.  907. 1351.    0.
   536.  996.  898.    0.  320.    0.    0.    0.  857.  945.  295.  729.
  1079.    0.    0.    0.  797.  860.  779.    0.  903. 1052. 1073.  844.
   776.  828.  628.    0.  644.    0.    0.  762. 1249.  783. 1092.  674.
   417.  445.]
 [ 718.    0.    0.    0.  696.  534.    0.  794.    0.  599. 1081.    0.
   820.  553.  843.    0.    0.    0.    0.    0.  802.  499.  531.  535.
   604.    0.  448. 1023.  306.  518.  330.    0.    0.  783.  778.  494.
   481.  639.  653.    0.    0.    0.    0.  387.    0.  309.  617.  369.
   323.  461.]
 [ 768.    0.    0.    0.  236. 1045.  794.    0.  574.  423.  363.  437.
     0.    0.  911.  511.    0.  438.  430.  413.  868.    0.  930.  581.
     0.  260.  761.  472.  850.  382.  619.  766.  876.  200.  201.  843.
   582.  351.  615.  620.  854.    0.  583.  732.  838.  636.    0.  727.
   831. 1029.]
 [1330.    0.    0.    0.  702.    0.    0.  574.    0.  674.  690. 1013.
     0.    0.  401.  918.    0.  443.  435.  864.  357.    0.    0.  656.
  1114.    0.    0.  521. 1060.  761.  850.  980.  376.  647.  664.  930.
   674.  444.  431.  292.  333.    0. 1053.  847.  444.    0. 1006.    0.
     0.    0.]
 [ 746.    0.    0.    0.  226.  907.  599.  241.  674.    0.  657.    0.
   871.  609.  813.    0.    0.  613.  604.    0.  770.  632.  792.  408.
   544.    0.  613.  519.  687.  238.  453.    0.  959.  284.  325.  435.
   273.  254.  652.    0.    0.    0.    0.  355.  694.  518.  438.  580.
   661.  891.]
 [1144.    0.    0.  610.  522. 1351. 1081.  363.  690.  657.    0.  434.
     0.    0. 1016.  318.    0.  407.  399.  315.  972.    0. 1236.  775.
     0.  440. 1154.  325. 1272.    0.  998.  432.  999.  445.    0.  979.
   739.  586.  928.  678.  971.    0.  519.  901.  521. 1046.    0. 1137.
  1137. 1335.]
 [1019.    0.    0.  377.    0.    0.    0.  437. 1013.    0.  434.    0.
     0.    0.    0.  511.    0.  727.  719.  307.    0.    0.    0.    0.
     0.  313.    0.  621.    0.    0.    0.  546. 1327.    0.  465.    0.
     0.    0.    0. 1000. 1294.    0.  723.    0.  842.    0.    0.    0.
     0.    0.]
 [1367.  405.  396.    0.  979.  536.  820.    0.    0.  871.    0.    0.
     0. 1218.    0.    0.  336.    0.    0.    0.  207. 1148.  637.  742.
  1297.    0.    0.    0. 1009.  949.  921.    0.  590.    0.    0. 1008.
   863.    0.    0.    0.  282.    0.    0.  924.    0.  712. 1198.  473.
   702.  748.]
 [ 181.    0.    0.    0.  486.  996.  553.    0.    0.  609.    0.    0.
  1218.    0. 1196.    0.    0. 1106. 1098.    0. 1153.  177.  881.  678.
   128.    0.  845.  980.  387.  402.  326. 1046.    0.  779.    0.  334.
   512.  762.  997. 1246.    0.  588. 1165.  386. 1188.  610.  235.  809.
   770.  921.]
 [1351.    0.    0.    0.  912.  898.  843.  911.  401.  813. 1016.    0.
     0. 1196.    0. 1244.    0.  769.  761. 1190.  110. 1135.  783.  703.
  1257.    0.  483.  798. 1040.  952.  896. 1306.    0.  913.  931.  978.
   861.  688.  300.    0.    0.    0. 1379.  943.  700.  733. 1148.  472.
   770.  881.]
 [1248.    0.    0.  695.  628.    0.    0.  511.  918.    0.  318.  511.
     0.    0. 1244.    0.    0.  635.  627.  342. 1200.    0.    0.    0.
     0.  578.    0.  577.    0.    0.    0.  317. 1226.  703.    0.    0.
     0.    0. 1148.  906. 1199.    0.  303.    0.  750.    0.    0.    0.
     0.    0.]
 [1043.  705.  719.    0.    0.  320.    0.    0.    0.    0.    0.    0.
   336.    0.    0.    0.    0.    0.    0.    0.    0.    0.  426.    0.
     0.    0.   79.    0.    0.    0.    0.    0.  699.    0.    0.    0.
     0.    0.    0.    0.  446.    0.    0.    0.    0.    0.    0.    0.
     0.  799.]
 [1243.    0.    0.    0.  611.    0.    0.  438.  443.  613.  407.  727.
     0. 1106.  769.  635.    0.    0.   56.  579.  726.    0.    0.    0.
  1041.  565.    0.  226.    0.    0.    0.  696.  761.  403.    0.    0.
     0.  350.  613.  464.  724.    0.  770.    0.  292.    0.  935.    0.
     0.    0.]
 [1234.    0.    0.    0.  603.    0.    0.  430.  435.  604.  399.  719.
     0. 1098.  761.  627.    0.  171.    0.  571.  718.    0.    0.    0.
  1033.  558.    0.  211.    0.    0.    0.  688.  752.  395.    0.    0.
     0.  342.  605.  445.  716.    0.  762.    0.  408.    0.  926.    0.
     0.    0.]
 [1111.    0.    0.  363.  440.    0.    0.  413.  864.    0.  315.  181.
     0.    0. 1190.  342.    0.  579.  571.    0. 1146.    0.    0.    0.
     0.  289.    0.  470.    0.    0.    0.  218. 1176.    0.  442.    0.
     0.    0. 1109.  851. 1145.    0.  309.    0.  693.    0.    0.    0.
     0.    0.]
 [1308.    0.    0.    0.  869.  857.  802.  868.  357.  770.  972.    0.
   207. 1153.  110. 1200.    0.  726.  718. 1146.    0. 1093.  741.  660.
  1214.    0.  440.  755.  998.  855.  854. 1262.    0.  870.  888.  935.
   768.  645.  359.    0.  160.    0. 1335.  900.  657.  692. 1105.  429.
   729.  840.]
 [ 289.    0.    0.    0.  574.  945.  499.    0.    0.  632.    0.    0.
  1148.  177. 1135.    0.    0.    0.    0.    0. 1093.    0.  830.    0.
   239.    0.  784. 1018.  217.  454.  233.    0.    0.  816.    0.  276.
   552.    0.  942.    0.    0.  678.    0.  325.    0.  551.  317.  754.
   716.  863.]
 [1038. 1006.    0.    0.  911.  180.  531.  930.    0.  792. 1236.    0.
   637.  881.  783.    0.  426.    0.    0.    0.  741.  830.    0.  613.
   964.    0.  341.    0.  691.  745.  664.    0.    0.  937.  957.  729.
   661.  713.  526.    0.  743.    0.    0.  647. 1134.  413.  977.  316.
   336.  413.]
 [ 816.    0.    0.    0.  341.  729.  535.  328.  656.  243.  775.    0.
   742.  678.  703.    0.    0.    0.    0.    0.  660.    0.  613.    0.
   617.    0.  479.  609.  658.  269.  384.    0.  952.  386.  447.    0.
   176.  277.  540.  737.    0.    0.    0.  291.    0.  362.  488.  500.
   601.  713.]
 [ 254.    0.    0.    0.  420. 1079.  604.    0. 1114.  544.    0.    0.
  1297.  215. 1257.    0.    0. 1041. 1033.    0. 1214.  413.  964.  617.
     0.    0.  926.  914.  469.  336.  408.  980. 1402.  713.    0.  364.
   446.  697. 1059. 1180.    0.  524. 1099.  416. 1122.  692.  221.  891.
   853. 1003.]
 [ 802.    0.    0.    0.  195.    0.    0.  147.    0.    0.  440.  313.
     0.    0.    0.  578.    0.  565.  558.  289.    0.    0.    0.    0.
     0.    0.    0.  518.    0.    0.    0.  465.    0.    0.  204.    0.
     0.    0.    0.    0.    0.    0.  553.    0.    0.    0.    0.    0.
     0.    0.]
 [ 999.    0.    0.    0.  727.    0.  448.  761.    0.  613. 1154.    0.
     0.  845.  483.    0.   42.    0.    0.    0.  440.  784.  341.  479.
   926.    0.    0.    0.  643.  687.  617.    0.    0.  762.  780.  673.
   648.  539.  420.    0.    0.    0.    0.  624.    0.  338.  939.  203.
   330.  428.]
 [1116.    0.    0.    0.    0.    0. 1023.  270.  521.  519.  325.  621.
     0.  980.  798.  577.    0.  226.  211.  470.  755. 1018.    0.  609.
   914.  518.    0.    0. 1069.  650.  843.  586.  789.  303.    0.  860.
   615.  338.  640.  491.  753.    0.  659.  746.  317.  880.  808.    0.
     0.    0.]
 [ 543.    0.    0.    0.  756.  797.  306.  850. 1060.  687. 1272.    0.
  1009.  387. 1040.    0.    0.    0.    0.    0.  998.  363.  691.  658.
   469.    0.  643. 1069.    0.  508.  336.    0. 1363.  867.  836.  484.
   606.  764.  851. 1196.    0.    0.    0.  552.    0.  480.  482.  543.
   569.  722.]
 [ 533.    0.    0.    0.  282.  860.  518.  382.  761.  238.    0.    0.
   949.  402.  952.    0.    0.    0.    0.    0.  855.  454.  745.  269.
   336.    0.  687.  650.  508.    0.  275.    0. 1042.  399.  366.  332.
   231.  372.  746.    0.    0.  387.    0.  241.    0.  436.  228.  648.
   633.  783.]
 [ 480.    0.    0.    0.  521.  779.  330.  619.  850.  453.  998.    0.
   921.  326.  896.    0.    0.    0.    0.    0.  854.  392.  664.  384.
   408.    0.  617.  843.  336.  275.    0.    0. 1150.  608.  604.  327.
   474.  502.  703.  927.    0.    0.    0.  226.    0.  339.  420.  587.
   549.  696.]
 [1238.    0.    0.  480.  619.    0.    0.  438.  980.    0.  432.  321.
     0. 1046. 1306.  317.    0.  696.  688.  218. 1262.    0.    0.    0.
   980.  465.    0.  586.    0.    0.    0.    0. 1290.    0.  622.    0.
     0.    0. 1216.  968. 1261.    0.  219.    0.  810.    0.  873.    0.
     0.    0.]
 [1627.    0.   23.    0. 1072.  903.    0.  876.  376.  959.  999. 1327.
   335.    0.    0. 1226.  699.  761.  752. 1176.    0.    0.    0.  952.
  1402.    0.    0.  789. 1363. 1042. 1150. 1290.    0.  970.  970. 1226.
   956.  753.  548.  439.  307.    0. 1360. 1144.  716.    0. 1295.    0.
     0.    0.]
 [ 914.    0.    0.    0.  316. 1052.  783.  110.  647.  284.  445.    0.
     0.  779.  913.  703.    0.  403.  395.    0.  870.  816.  937.  386.
   713.    0.  762.  303.  867.  399.  608.    0.  970.    0.    0.  646.
   402.  241.  736.  647.  924.    0.    0.  567.  528.  637.  607.  728.
   834. 1036.]
 [ 751.    0.    0.    0.  122. 1073.  778.   59.  664.  325.    0.  465.
     0.    0.  931.    0.    0.    0.    0.  442.  888.    0.  957.  447.
     0.  204.  780.    0.  836.  366.  604.  622.  970.    0.    0.  551.
   379.  325.  733.  711.    0.    0.  712.  476.    0.  647.    0.  816.
   844. 1057.]
 [ 419.    0.    0.    0.  469.  844.  494.  488.  930.  435.  979.    0.
  1008.  334.  978.    0.    0.    0.    0.    0.  935.  276.  729.    0.
   364.    0.  673.  860.  290.  191.  191.    0. 1226.  646.  551.    0.
   352.    0.  780.    0.    0.    0.    0.   97.    0.  421.  376.  668.
   618.  768.]
 [ 708.    0.    0.    0.  248.  776.  481.  344.  674.  165.  739.    0.
   863.  512.  861.    0.    0.    0.    0.    0.  768.  552.  661.  176.
   446.    0.  648.  615.  606.  136.  281.    0.  956.  402.  379.  352.
     0.  282.  656.    0.    0.    0.    0.  232.    0.  356.  339.  608.
   551.  701.]
 [ 898.    0.    0.    0.  285.  828.  639.  197.  444.  254.  586.    0.
     0.  762.  688.    0.    0.  350.  342.    0.  645.    0.  713.  277.
   697.    0.  539.  338.  764.  372.  502.    0.  753.  241.  325.    0.
   282.    0.  516.  492.    0.    0.    0.  407.  433.  504.  590.  504.
   701.  813.]
 [1154.    0.    0.    0.  718.  628.  653.  615.  262.  652.  928.    0.
     0.  997.  300. 1148.    0.  613.  605. 1109.  206.  942.  526.  540.
  1059.    0.  241.  640.  851.  746.  703. 1216.  548.  736.  733.  780.
   656.  516.    0.  462.  321.    0. 1281.  745.  606.  546.  951.  273.
   515.  614.]
 [1378.    0.    0.    0.  750.    0.    0.  620.  171.    0.  678. 1000.
     0. 1246.    0.  906.    0.  464.  445.  851.    0.    0.    0.  737.
  1180.    0.    0.  491. 1196.    0.  927.  968.  439.  647.  711.    0.
     0.  492.  462.    0.    0.    0. 1042.    0.  361.  916. 1073.    0.
     0.    0.]
 [1408.  271.  277.    0.    0.  644.    0.  854.  333.    0.  971. 1294.
    79.    0.    0. 1199.  446.  724.  716. 1145.   87.    0.  743.    0.
     0.    0.    0.  753.    0.    0.    0. 1261.  307.  924.    0.    0.
     0.    0.  321.    0.    0.    0. 1334.    0.  656.    0.    0.    0.
     0.    0.]
 [ 727.    0.    0.   11.  142.    0.    0.    0.    0.    0.    0.    0.
     0.  588.    0.    0.    0.    0.    0.    0.    0.  678.    0.    0.
   524.    0.    0.    0.    0.  387.    0.    0.    0.    0.    0.    0.
     0.    0.    0.    0.    0.    0.    0.    0.    0.    0.  418.    0.
     0.    0.]
 [1358.    0.    0.  600.  708.    0.    0.  583. 1053.    0.  519.  425.
     0. 1165. 1379.  170.    0.  770.  762.  309. 1335.    0.    0.    0.
  1099.  553.    0.  659.    0.    0.    0.  219. 1360.    0.  712.    0.
     0.    0. 1281. 1042. 1334.    0.    0.    0.  885.    0.  992.    0.
     0.    0.]
 [ 539.    0.    0.    0.  339.  762.  387.  423.  847.  355.  901.    0.
   924.  386.  943.    0.    0.    0.    0.    0.  900.  325.  647.  291.
   416.    0.  624.  746.  326.  142.  136.    0. 1144.  567.  476.   97.
   232.  407.  745.    0.    0.    0.    0.    0.    0.  337.    0.  585.
   535.  684.]
 [1323.    0.    0.    0.  693. 1249.    0.  485.  444.  694.  521.  842.
     0. 1188.  700.  750.    0.  292.  233.  693.  657.    0. 1134.    0.
  1122.    0.    0.  317.    0.    0.    0.  810.  716.  528.    0.    0.
     0.  433.  606.  361.  656.    0.  885.    0.    0.    0. 1016.    0.
  1122. 1234.]
 [ 765.    0.    0.    0.  559.  477.  309.  636.    0.  518. 1046.    0.
   712.  610.  733.    0.    0.    0.    0.    0.  692.  551.  413.  362.
   692.    0.  338.  880.  480.  436.  339.    0.    0.  637.  647.  421.
   356.  504.  546.  916.    0.    0.    0.  337.    0.    0.  652.  341.
   266.  412.]
 [ 335.    0.    0.    0.  314. 1092.  617.    0. 1006.  438.    0.    0.
  1198.  235. 1148.    0.    0.  935.  926.    0. 1105.  317.  977.  488.
   124.    0.  939.  808.  482.  228.  420.  873. 1295.  607.    0.  376.
   339.  590.  951. 1073.    0.  418.  992.    0. 1016.  652.    0.  904.
   865. 1015.]
 [ 965.    0.    0.    0.  695.  399.  369.  727.    0.  580. 1137.    0.
   473.  809.  472.    0.    0.    0.    0.    0.  429.  754.  316.  500.
   891.    0.   57.    0.  543.  648.  587.    0.    0.  728.  816.  668.
   608.  504.  273.    0.    0.    0.    0.  585.    0.  341.  904.    0.
   306.  405.]
 [ 926.    0.    0.    0.  756.  255.  323.  831.    0.  661. 1137.    0.
   702.  770.  770.    0.    0.    0.    0.    0.  729.  716.  206.  601.
   853.    0.  330.    0.  569.  633.  549.    0.    0.  834.  844.  618.
   551.  701.  515.    0.    0.    0.    0.  535. 1122.  266.  865.  306.
     0.  250.]
 [1076. 1116.    0.    0.  906.  263.  461. 1029.    0.  891. 1335.    0.
   748.  921.  881.    0.  464.    0.    0.    0.  840.  863.  243.  713.
  1003.    0.  428.    0.  722.  783.  696.    0.    0. 1036. 1057.  768.
   701.  813.  614.    0.    0.    0.    0.  684. 1234.  412. 1015.  405.
   250.    0.]]
EOF
