NAME:  DC_ce_h_wdo_n20
COMMENT: Generated by Finucane, Fulcher, O'Sullivan, and Seth (2021)TYPE:  GVRP
DIMENSION:  20
CAPACITY:  100
EDGE_TYPE:  DIRECTED
EDGE_WEIGHT_TYPE:  EXPLICIT
EDGE_WEIGHT_FORMAT:  SPARSE_MATRIX
NODE_COORD_TYPE:  TWOD_COORDS
NODE_COORD_SECTION
0 -6.3198 53.3394
1 -6.3153 53.3288
2 -6.3124 53.3251
3 -6.3098 53.3395
4 -6.2907 53.3595
5 -6.2847 53.3636
6 -6.2807 53.3631
7 -6.2746 53.341
8 -6.2676 53.3453
9 -6.266 53.3633
10 -6.2655 53.3536
11 -6.2601 53.3632
12 -6.2592 53.332
13 -6.2543 53.3618
14 -6.241 53.3307
15 -6.2381 53.3262
16 -6.2381 53.3614
17 -6.237 53.3534
18 -6.2269 53.3279
19 -6.2199 53.3345
DEPOT_SECTION:
0
-1
DEMAND_SECTION
0 2
1 2
2 3
3 1
4 2
5 2
6 3
7 1
8 1
9 1
10 2
11 3
12 1
13 1
14 3
15 3
16 1
17 3
18 1
19 3
EDGE_WEIGHT_SECTION
[[   0. 1811. 1485. 1043.  314. 1068. 1733. 1852. 1301.  862. 1760. 1956.
  1560. 1625.  405. 1702. 1429. 1777.  471. 1191.]
 [1409.    0.  562.  591. 1206.  772. 1008.  287.  602.    0. 1278. 1147.
     0.  417. 1409. 1233.  826.  447.    0. 1035.]
 [1157.  562.    0.  556. 1000.  779. 1264.  587.  522. 1021. 1439. 1404.
   305.    0. 1084. 1394.  545.  951. 1152.  839.]
 [ 809.  591.  556.    0.  619.  227.  774.  653.  262.  438.  882.  914.
   515.  566.  834.  837.  657.  571.  714.  852.]
 [ 405. 1206. 1000.  619.    0.  613. 1126. 1240.  810.  446. 1150.    0.
  1009. 1059.  620. 1105.  956.    0.  302. 1036.]
 [ 827.  772.  779.  227.  613.    0.  623.  685.  460.  437.  722.  832.
   738.  789.  913.  677.    0.  605.  690.    0.]
 [1345. 1008. 1264.  774. 1126.  623.    0.  911.  944.  928.  583.  269.
  1223. 1273. 1428.  479.    0.  830. 1141.    0.]
 [1439.   93.  587.  653. 1240.  685.  911.    0.  443. 1084. 1222. 1051.
     0.  364. 1442. 1177.  858.  308.    0. 1065.]
 [1011.  352.  312.  262.  810.  460.  944.  443.    0.    0. 1133. 1084.
   319.  369. 1046. 1088.  520.  531.    0.  727.]
 [ 672.    0. 1021.  438.  446.  437.  928. 1084.    0.    0.  934.    0.
     0.    0.  746.  889.  983. 1003.  469. 1177.]
 [1364. 1278. 1439.  882. 1150.  722.  583. 1222. 1133.  934.    0.    0.
  1399. 1449. 1450.  245.    0. 1141. 1168.    0.]
 [1519. 1147. 1404.  914.    0.  832.  164. 1051. 1084.    0.    0.    0.
  1364. 1414.    0.    0.    0.  969.    0.    0.]
 [1214.    0.  119.  515. 1009.  738. 1223.    0.  319.    0. 1399. 1364.
     0.  176. 1175. 1353.  480.    0.    0.  679.]
 [1265.  248.    0.  566. 1059.  789. 1273.  364.  369.    0. 1449. 1414.
   107.    0. 1226. 1404.    0.  484.    0.    0.]
 [ 186. 1409. 1084.  834.  368.  913. 1428. 1442. 1046.  746. 1450.    0.
  1175. 1226.    0. 1405.  850.    0.    0.  779.]
 [1319. 1233. 1394.  837. 1105.  677.  479. 1177. 1088.  889.  245.    0.
  1353. 1404. 1405.    0.    0. 1096. 1123.    0.]
 [1114.  826.  323.  657.  956.    0.    0.  858.  520.  983.    0.    0.
   480.    0.  850.    0.    0.  946. 1108.  304.]
 [1378.  258.  555.  571.    0.  605.  830.  181.  531. 1003. 1141.  969.
     0.  484.    0. 1096.  946.    0. 1277. 1153.]
 [ 218.    0. 1152.  714.  100.  690. 1141.    0.    0.  469. 1168.    0.
     0.    0.    0. 1123. 1108. 1277.    0. 1180.]
 [ 920. 1035.  494.  852. 1036.    0.    0. 1065.  727. 1177.    0.    0.
   679.    0.  779.    0.  304. 1153. 1180.    0.]]
EOF
