NAME:  DC_co_h_wdo_n50
COMMENT: Generated by Finucane, Fulcher, O'Sullivan, and Seth (2021)
TYPE:  GVRP
DIMENSION:  50
CAPACITY:  100
EDGE_TYPE:  DIRECTED
EDGE_WEIGHT_TYPE:  EXPLICIT
EDGE_WEIGHT_FORMAT:  SPARSE_MATRIX
NODE_COORD_TYPE:  TWOD_COORDS
NODE_COORD_SECTION
0 -6.3164 53.3338
1 -6.3077 53.3394
2 -6.3058 53.3273
3 -6.3049 53.36
4 -6.3047 53.3613
5 -6.3039 53.339
6 -6.3028 53.3284
7 -6.3028 53.3353
8 -6.3027 53.329
9 -6.3027 53.3592
10 -6.299 53.3365
11 -6.298 53.341
12 -6.297 53.358
13 -6.2962 53.3543
14 -6.2953 53.3643
15 -6.2934 53.3614
16 -6.2926 53.3487
17 -6.2883 53.3304
18 -6.2858 53.332
19 -6.2841 53.3627
20 -6.2803 53.3419
21 -6.2791 53.3428
22 -6.2751 53.3608
23 -6.2714 53.3603
24 -6.2701 53.3312
25 -6.2698 53.3592
26 -6.2686 53.334
27 -6.2679 53.3568
28 -6.2669 53.3542
29 -6.2668 53.3569
30 -6.264 53.3262
31 -6.2585 53.3453
32 -6.2579 53.3556
33 -6.2571 53.3575
34 -6.2533 53.3326
35 -6.2494 53.3537
36 -6.2493 53.3441
37 -6.2482 53.3533
38 -6.2432 53.361
39 -6.2424 53.3602
40 -6.2419 53.3639
41 -6.2408 53.3442
42 -6.2392 53.3358
43 -6.2391 53.3387
44 -6.2389 53.3258
45 -6.2338 53.3396
46 -6.2322 53.3347
47 -6.2244 53.3378
48 -6.2205 53.363
49 -6.2153 53.3354
DEPOT_SECTION:
0
-1
DEMAND_SECTION
0 2
1 3
2 2
3 2
4 1
5 2
6 2
7 1
8 3
9 1
10 2
11 1
12 1
13 2
14 2
15 1
16 1
17 1
18 3
19 2
20 1
21 3
22 2
23 1
24 3
25 3
26 1
27 3
28 2
29 3
30 1
31 3
32 1
33 1
34 2
35 2
36 3
37 1
38 3
39 3
40 3
41 3
42 3
43 2
44 3
45 2
46 3
47 2
48 3
49 3
EDGE_WEIGHT_SECTION
[[   0.  754.  627.  631.  516. 1465.   62. 1221.  525.  806.  943. 1180.
   679.  856.  757. 1258.  870. 1195.  413.  779.  965.  921. 1042. 1109.
   846.  558. 1286.  998.  752.  940.  867.  840.  555.  865. 1019. 1074.
   798.  523.  778.  848.  988.  659.  769. 1013.  821. 1672.  552.  770.
   987.  968.]
 [ 519.    0.    0.  804.    0. 1289.    0.    0.    0.    0.    0. 1053.
     0.    0.    0.    0.    0.    0.  595.  141.    0.    0.    0.    0.
     0.  132.    0.    0.    0.    0.    0.    0.  510.    0.  950.  270.
   178.    0.    0.    0.    0.  255.    0.  928.    0.    0.  319.  623.
     0.  968.]
 [ 432.    0.    0.  591.  707.    0.  400.    0.  261.  124.  304.    0.
   777.    0.   74.    0.  979.  478.  552.  889.  665.  495.  717.  419.
     0.  710.    0.  688.  520.    0.  184.  579.    0.    0.  841.    0.
   932.  429.  180.    0.    0.  852.  384.  620.    0.    0.  776.  721.
     0.    0.]
 [ 430.  804.  591.    0.    0.  610.  424.    0.  334.  669.  647.  446.
     0.    0.  647.    0.  852.    0.  283.    0. 1060.  388. 1111.    0.
     0.    0.    0. 1082.  915.  627.    0.  974.  313.    0.  271.  991.
   804.  761.  694.  979.    0.  586.  354.  251.    0.    0.  512.  298.
     0.  295.]
 [ 358.    0.  707.    0.    0.    0.  326.    0.    0.    0.  921.    0.
   279.  719.  744.    0.    0. 1092.    0.  276.  825.    0.  879. 1032.
   743.  286.    0.  849.  677.  919.    0.  740.    0.    0.    0.    0.
     0.  468.  802.  746.    0.    0.    0.    0.    0.    0.    0.    0.
     0.    0.]
 [1004. 1289.    0.  610.    0.    0.    0.    0.    0.    0.    0.  263.
     0.    0.    0.    0. 1343.  833.    0.    0.    0.  425.    0.  821.
     0.    0.  128.    0.    0.    0.    0.    0.  857.    0.  482. 1485.
  1292.    0.    0.    0.    0. 1071.  554.    0.    0.  921.    0.  870.
     0.    0.]
 [  43.    0.  400.  424.  326.    0.    0.    0.  329.    0.  618.    0.
   453.  560.  492.    0.  584.  789.  272.  508.  632.    0.  685.  730.
   548.  370.    0.  655.  484.  616.    0.  546.    0.    0.    0.    0.
   535.  329.  501.  551.    0.  444.    0.  663.    0.    0.  369.    0.
     0.  632.]
 [ 843.    0.    0.    0.    0.    0.    0.    0.    0.    0.    0.  137.
     0.    0.    0.    0.    0.    0.    0.    0.    0.  184.    0.    0.
     0.    0.  176.    0.    0.    0.    0.    0.    0.    0.    0.    0.
     0.    0.    0.    0.    0.    0.  344.  155.    0.    0.    0.    0.
     0.  133.]
 [ 362.    0.  261.  334.    0.    0.  329.    0.    0.  340.  316.    0.
   703.    0.  318.    0.  832.    0.  347.    0.  862.  288.  914.    0.
     0.  635.    0.  885.  716.  313.    0.  776.  443.    0.  585.    0.
   781.  561.  311.    0.    0.  644.  170.  363.    0.    0.  574.  509.
     0.    0.]
 [ 556.    0.  124.  669.    0.    0.    0.    0.  340.    0.  387.    0.
     0.    0.  126.    0.    0.  535.    0.    0.    0.  576.    0.  474.
     0.    0.    0.    0.    0.    0.  222.    0.    0.  199.  919.    0.
     0.    0.  226.    0.    0.    0.  465.  696.    0.    0.    0.    0.
     0.    0.]
 [ 650.    0.  304.  647.  921.    0.  618.    0.  316.  387.    0.    0.
   999.    0.  364.    0. 1134.  306.    0. 1103.    0.  355.    0.  243.
     0.  932.    0.    0.    0.   58.  210.    0.    0.  428.  815.    0.
  1085.  685.  159.    0.    0.  952.  299.  601.    0.  656.  880.    0.
     0.  537.]
 [ 811. 1053.    0.  446.    0.  263.    0.  137.    0.    0.    0.    0.
     0.    0.    0.    0. 1107.    0.    0.    0.    0.    0.    0.    0.
     0.    0.  183.    0.    0.    0.    0.    0.  698.    0.  262. 1249.
  1057.    0.    0.    0.    0.  835.    0.  133.    0.    0.    0.  636.
     0.  130.]
 [ 468.    0.  777.    0.  279.    0.  453.    0.  703.    0.  999.    0.
     0.  907.  862.    0.    0. 1171.  634.   65.    0.    0.    0. 1113.
     0.  114.    0.    0.    0.  997.    0.    0.    0.    0.    0.    0.
     0.    0.  887.    0.    0.    0.    0.    0.    0.    0.    0.    0.
     0. 1010.]
 [ 591.    0.    0.    0.  719.    0.  560.    0.    0.    0.    0.    0.
   907.    0.    0.    0. 1060.  635.  797.  901.  447.    0.  497.  839.
   149.  795.    0.  468.  305.  819.  340.  361.    0.  183.    0.    0.
  1012.  502.  324.  229.    0.  947.    0.    0.    0.    0.  874.    0.
   283.    0.]
 [ 523.    0.   74.  647.  744.    0.  492.    0.  318.  126.  364.    0.
   862.    0.    0.    0. 1066.  549.  645.  926.    0.  553.    0.  487.
     0.  795.    0.    0.    0.    0.  229.    0.    0.   76.  897.    0.
  1020.  533.  207.    0.    0.  945.  443.  674.    0.    0.  868.  807.
   170.    0.]
 [ 865.    0.    0.    0.    0.    0.    0.    0.    0.    0.    0.    0.
     0.    0.    0.    0.    0.    0.    0.    0.    0.    0.    0.  114.
     0.    0.    0.    0.    0.    0.    0.    0.    0.    0.    0.    0.
     0.    0.    0.    0.    0.    0.    0.    0.    0.  418.    0.    0.
     0.    0.]
 [ 597.    0.  979.  852.    0. 1343.  584.    0.  832.    0. 1134. 1107.
     0. 1060. 1066.    0.    0. 1373.  644.    0.    0.    0.    0. 1314.
  1081.  311.    0.    0.    0. 1132.    0.    0.  628.    0. 1004.  325.
    60.    0. 1085. 1082.    0.  346.    0.  982.    0.    0.  367.  678.
     0. 1021.]
 [ 822.    0.  478.    0. 1092.  833.  789.    0.    0.  535.  306.    0.
  1171.  635.  549.    0. 1373.    0.  896. 1274.    0.  470.    0.  105.
     0. 1104.    0.    0.    0.  270.  312.    0.    0.  566.    0.    0.
  1324.  870.  327.    0.    0. 1147.    0.    0.    0.  465. 1075.    0.
     0.    0.]
 [ 283.  595.  552.  283.    0.    0.  272.    0.  347.    0.    0.    0.
   634.  797.  645.    0.  644.  896.    0.    0.  909.  637.  962.  836.
   826.    0.    0.  932.  761.    0.  698.  822.  104.    0.    0.  784.
   596.  610.  645.  827.    0.  376.  477.    0.    0.    0.  303.  268.
     0.  571.]
 [ 540.  141.  889.    0.  276.    0.  508.    0.    0.    0. 1103.    0.
    65.  901.  926.    0.    0. 1274.    0.    0.  900.    0.  956. 1213.
   881.    0.    0.  924.  720. 1100.    0.  818.    0.    0.    0.  299.
   272.  522.  983.  885.    0.    0.    0.    0.    0.    0.    0.    0.
     0.    0.]
 [ 664.    0.  665. 1060.  825.    0.  632.    0.  862.    0.    0.    0.
     0.  447.    0.    0.    0.    0.  909.  900.    0. 1113.  114.    0.
   492.  896.    0.   75.  305.    0.    0.  191.    0.    0.    0.    0.
     0.  740.    0.  454.  485. 1054. 1003. 1209.    0.    0.  933.    0.
     0. 1178.]
 [ 636.    0.  495.  388.    0.  425.    0.  184.  288.  576.  355.    0.
     0.    0.  553.    0.    0.  470.  637.    0. 1113.    0. 1165.  498.
     0.    0.    0. 1135.  966.  326.  473. 1027.    0.    0.    0.    0.
     0.  812.  408.    0.    0.    0.  162.    0.    0.  858.    0.    0.
     0.  130.]
 [ 718.    0.  717. 1111.  879.    0.  685.    0.  914.    0.    0.    0.
     0.  497.    0.    0.    0.    0.  962.  956.  114. 1165.    0.    0.
   461.  948.    0.   82.  302.    0.    0.  245.    0.    0.    0.    0.
     0.  818.    0.  508.  539. 1108. 1055. 1261.    0.    0.  985.    0.
     0. 1229.]
 [ 763.    0.  419.    0. 1032.  821.  730.    0.    0.  474.  243.    0.
  1113.  497.  487.  114. 1314.  105.  836. 1213.    0.  498.    0.    0.
     0. 1046.    0.    0.    0.  266.  191.    0.    0.  505.    0.    0.
  1265.  813.  230.    0.    0. 1088.    0.    0.    0.  389. 1017.    0.
     0.    0.]
 [ 581.    0.    0.    0.  743.    0.  548.    0.    0.    0.    0.    0.
     0.  149.    0.    0. 1081.    0.  826.  881.  492.    0.  461.    0.
     0.  815.    0.  432.  325.    0.    0.  323.    0.    0.    0.    0.
  1033.  491.    0.  155.    0.  971.    0.    0.    0.    0.  850.    0.
     0.    0.]
 [ 384.  132.  710.    0.  286.    0.  370.    0.  635.    0.  932.    0.
   114.  795.  795.    0.  311. 1104.    0.    0.  896.    0.  948. 1046.
   815.    0.    0.  918.  878.  929.    0.  809.    0.    0.    0.  355.
   233.  622.  819.  814.    0.  257.    0.    0.    0.    0.  291.  622.
     0.    0.]
 [ 883.    0.    0.    0.    0.  128.    0.  176.    0.    0.    0.  183.
     0.    0.    0.    0.    0.    0.    0.    0.    0.    0.    0.    0.
     0.    0.    0.    0.    0.    0.    0.    0.    0.    0.  455.    0.
     0.    0.    0.    0.    0.    0.    0.  194.    0.  908.    0.    0.
     0.  218.]
 [ 687.    0.  688. 1082.  849.    0.  655.    0.  885.    0.    0.    0.
     0.  468.    0.    0.    0.    0.  932.  924.   75. 1135.   82.    0.
   432.  918.    0.    0.  271.    0.    0.  211.    0.    0.    0.    0.
     0.  773.    0.  474.  505. 1077. 1025. 1231.    0.    0.  956.    0.
     0. 1200.]
 [ 516.    0.  520.  915.  677.    0.  484.    0.  716.    0.    0.    0.
     0.  305.    0.    0.    0.    0.  761.  720.  305.  966.  302.    0.
   325.  878.    0.  271.    0.    0.    0.  162.    0.    0.    0.    0.
     0.  473.    0.  263.  423.  906.  856. 1064.    0.    0.  786.    0.
     0. 1032.]
 [ 648.    0.    0.  627.  919.    0.  616.    0.  313.    0.   58.    0.
   997.  487.    0.    0. 1132.  270.    0. 1100.    0.  326.    0.  266.
     0.  929.    0.    0.    0.    0.  206.    0.    0.    0.  813.    0.
  1083.  769.    0.    0.    0.  950.  296.  598.    0.  627.  878.    0.
     0.    0.]
 [ 596.    0.  184.    0.    0.    0.    0.    0.    0.  222.  351.    0.
     0.  340.  229.    0.    0.  312.  698.    0.    0.  473.    0.  339.
     0.    0.    0.    0.    0.  353.    0.    0.    0.  253.    0.    0.
     0.    0.   51.    0.    0. 1006.    0.    0.    0.    0.  931.  825.
     0.    0.]
 [ 578.    0.  579.  974.  740.    0.  546.    0.  776.    0.    0.    0.
     0.  361.    0.    0.    0.    0.  822.  818.  191. 1027.  245.    0.
   323.  809.    0.  211.  162.    0.    0.    0.    0.    0.    0.    0.
     0.  615.    0.  344.  375.  968.  917. 1123.    0.    0.  846.    0.
     0. 1091.]
 [ 381.  510.    0.  313.    0.  857.    0.    0.  443.    0.    0.  698.
     0.    0.    0.    0.  628.    0.  104.    0.    0.    0.    0.    0.
     0.    0.    0.    0.    0.    0.    0.    0.    0.    0.  550.  706.
   513.    0.    0.    0.    0.  292.  545.  496.    0.    0.  263.  236.
     0.  538.]
 [ 597.    0.    0.    0.    0.    0.    0.    0.    0.  199.  428.    0.
     0.  110.   76.    0.    0.  566.    0.    0.    0.    0.    0.  505.
     0.    0.    0.    0.    0.    0.  253.    0.    0.    0.    0.    0.
     0.    0.  253.    0.    0.    0.    0.    0.    0.    0.    0.    0.
   146.    0.]
 [ 697.  950.  841.  271.    0.  482.    0.    0.  585.  919.  815.  262.
     0.    0.  897.    0. 1004.    0.    0.    0.    0.    0.    0.    0.
     0.    0.  455.    0.    0.  813.    0.    0.  550.    0.    0. 1146.
   953.    0.  881.    0.    0.  732.  535.  345.    0.    0.    0.  555.
     0.  421.]
 [ 739.  270.    0.  991.    0. 1485.    0.    0.    0.    0.    0. 1249.
     0.    0.    0.    0.  325.    0.  784.  299.    0.    0.    0.    0.
     0.  355.    0.    0.    0.    0.    0.    0.  706.    0. 1146.    0.
   314.    0.    0.    0.    0.  500.    0. 1124.    0.    0.  508.  820.
     0. 1163.]
 [ 547.  316.  932.  804.    0. 1292.  535.    0.  781.    0. 1085. 1057.
     0. 1012. 1020.    0.   60. 1324.  596.  272.    0.    0.    0. 1265.
  1033.  394.    0.    0.    0. 1083.    0.    0.  513.    0.  953.  314.
     0.    0. 1036. 1034.    0.  257.    0.  931.   16.    0.  319.  627.
     0.  971.]
 [ 361.    0.  429.  761.  468.    0.  329.    0.  561.    0.  685.    0.
     0.  502.  533.    0.    0.  870.  610.  522.  436.  812.  484.  813.
   491.  622.    0.  457.  279.  769.    0.  364.    0.    0.    0.    0.
     0.    0.    0.  493.    0.  751.  702.  909.    0.    0.  695.    0.
     0.  878.]
 [ 534.    0.  180.  694.  802.    0.  501.    0.  311.  226.  270.    0.
   887.  324.  207.    0. 1085.  327.  645.  983.    0.  408.    0.  397.
     0.  819.    0.    0.    0.    0.   51.    0.    0.  253.  881.    0.
  1036.    0.    0.    0.    0.  859.  362.  666.    0.    0.  788.    0.
     0.  601.]
 [ 583.    0.    0.  979.  746.    0.  551.    0.    0.    0.    0.    0.
     0.  229.    0.    0. 1082.    0.  827.  885.  454.    0.  508.    0.
   155.  814.    0.  474.  263.    0.    0.  344.    0.    0.    0.    0.
  1034.  493.    0.    0.  106.  974.    0.    0.    0.    0.  851.    0.
     0.    0.]
 [ 680.    0.    0.    0.    0.    0.    0.    0.    0.    0.    0.    0.
     0.    0.    0.    0.    0.    0.    0.    0.  485.    0.  539.    0.
     0.    0.    0.  505.  423.    0.    0.  375.    0.    0.    0.    0.
     0.    0.    0.  106.    0.    0.    0.    0.    0.    0.    0.    0.
     0.    0.]
 [ 454.  255.  852.  586.    0. 1071.  444.    0.  644.    0.  952.  835.
     0.  947.  945.    0.  346. 1147.  376.    0. 1054.    0. 1108. 1088.
   971.  257.    0. 1077.  906.  950. 1006.  968.  292.    0.  732.  500.
   257.  751.  859.  974.    0.    0.  821.  710.    0.    0.  153.  407.
     0.  750.]
 [ 531.    0.  384.  354.    0.  554.    0.  344.  170.  465.  299.    0.
     0.    0.  443.    0.    0.    0.  477.    0. 1003.  162. 1055.    0.
     0.    0.    0. 1025.  856.  296.    0.  917.  545.    0.  535.    0.
     0.  702.  362.    0.    0.  821.    0.  315.    0.    0.  747.  597.
     0.  249.]
 [ 696.  928.  620.  251.    0.    0.  663.  155.  363.  696.  601.  133.
     0.    0.  674.    0.  982.    0.    0.    0. 1209.    0. 1261.    0.
     0.    0.  194. 1231. 1064.  598.    0. 1123.  496.    0.  345. 1124.
   931.  909.  666.    0.    0.  710.  315.    0.    0.    0.    0.  510.
     0.  100.]
 [ 563.    0.    0.    0.    0.    0.    0.    0.    0.    0.    0.    0.
     0.    0.    0.    0.    0.    0.    0.    0.    0.    0.    0.    0.
     0.    0.    0.    0.    0.    0.    0.    0.    0.    0.    0.    0.
    16.    0.    0.    0.    0.    0.    0.    0.    0.    0.    0.    0.
     0.    0.]
 [1151.    0.    0.    0.    0.  921.    0.    0.    0.    0.  656.    0.
     0.    0.    0.  418.    0.  465.    0.    0.    0.  858.    0.  389.
     0.    0.  908.    0.    0.  627.    0.    0.    0.    0.    0.    0.
     0.    0.    0.    0.    0.    0.    0.    0.    0.    0.    0.    0.
     0.    0.]
 [ 380.  319.  776.  512.    0.    0.  369.    0.  574.    0.  880.    0.
     0.  874.  868.    0.  367. 1075.  303.    0.  933.    0.  985. 1017.
   850.  291.    0.  956.  786.  878.  931.  846.  263.    0.    0.  508.
   319.  695.  788.  851.    0.  153.  747.    0.    0.    0.    0.  389.
     0.    0.]
 [ 527.  623.  721.  298.    0.  870.    0.    0.  509.    0.    0.  636.
     0.    0.  807.    0.  678.    0.  268.    0.    0.    0.    0.    0.
     0.  622.    0.    0.    0.    0.  825.    0.  236.    0.  555.  820.
   627.    0.    0.    0.    0.  407.  597.  510.    0.    0.  389.    0.
     0.  551.]
 [ 683.    0.    0.    0.    0.    0.    0.    0.    0.    0.    0.    0.
     0.  283.  170.    0.    0.    0.    0.    0.    0.    0.    0.    0.
     0.    0.    0.    0.    0.    0.    0.    0.    0.  146.    0.    0.
     0.    0.    0.    0.    0.    0.    0.    0.    0.    0.    0.    0.
     0.    0.]
 [ 665.  968.    0.  295.    0.    0.  632.  225.    0.    0.  537.  219.
  1010.    0.    0.    0. 1021.    0.  571.    0. 1178.  223. 1229.    0.
     0.    0.  218. 1200. 1032.    0.    0. 1091.  538.    0.  421. 1163.
   971.  878.  601.    0.    0.  750.  249.  163.    0.    0.    0.  551.
     0.    0.]]
EOF
