NAME:  DC_co_h_wdo_n20
COMMENT: Generated by Finucane, Fulcher, O'Sullivan, and Seth (2021)DIMENSION:  20
CAPACITY:  100
EDGE_TYPE:  DIRECTED
EDGE_WEIGHT_TYPE:  EXPLICIT
EDGE_WEIGHT_FORMAT:  SPARSE_MATRIX
NODE_COORD_TYPE:  TWOD_COORDS
NODE_COORD_SECTION
0 -6.315 53.33
1 -6.3146 53.3396
2 -6.3125 53.3306
3 -6.2904 53.3637
4 -6.287 53.3637
5 -6.2849 53.3497
6 -6.2785 53.3588
7 -6.2654 53.3415
8 -6.2642 53.3601
9 -6.2615 53.3287
10 -6.2612 53.3648
11 -6.2611 53.3519
12 -6.2607 53.3584
13 -6.2579 53.3634
14 -6.2571 53.3277
15 -6.2498 53.3543
16 -6.2481 53.3461
17 -6.2276 53.3468
18 -6.2243 53.3264
19 -6.2183 53.3638
DEPOT_SECTION:
0
-1
DEMAND_SECTION
0 1
1 1
2 3
3 2
4 2
5 3
6 2
7 3
8 3
9 1
10 1
11 2
12 3
13 1
14 1
15 2
16 1
17 3
18 1
19 1
EDGE_WEIGHT_SECTION
[[   0.  792. 1389. 1888. 1217. 1579. 1859. 1686. 1779.  870. 1789. 1547.
  1495. 1596.  812. 1106. 1661.  905. 1001. 1810.]
 [ 617.    0.  547. 1310.  382.  636.    0.  735. 1357.  831.    0.  848.
     0.  667.  817.  492.    0.  301.  580. 1382.]
 [1091.  547.    0. 1158.  223.  758.    0.  341. 1156.  827.    0.  479.
   246.  239.    0.  274.    0.  538.  468. 1180.]
 [1479. 1310. 1158.    0.    0. 1746. 1035. 1344.  458.  904.  985.  624.
  1172. 1273.  843.  997.  959. 1117.  890.  700.]
 [ 956.  382.  223.    0.    0.  685.    0.  431.    0.  818.    0.    0.
     0.  360.  808.  251.    0.  371.  462.    0.]
 [1234.  636.  758. 1746.  685.    0.    0.    0. 1763. 1472.    0. 1132.
   830.  688. 1461.    0.    0.  901. 1111. 1786.]
 [1455.    0.    0. 1035.    0.    0.    0.  602. 1239. 1153.  108.  398.
   414.    0. 1096.  591.  394.    0.  827. 1258.]
 [1325.  735.  206. 1344.  431.    0.  602.    0. 1331.    0.  526.  660.
   256.  177.    0.  420.  485.    0.  698. 1354.]
 [1392. 1357. 1156.  458.    0. 1763. 1239. 1331.    0.  828. 1189.  831.
  1168. 1263.  766. 1138. 1164. 1228.  807.  102.]
 [ 684.  831.  827.  904.  818. 1472. 1153.    0.  828.    0. 1104.  828.
     0.    0.   73.  646. 1052.  592.  379.  853.]
 [1401.    0.    0.  985.    0.    0.   62.  526. 1189. 1104.    0.  386.
   358.  551. 1046.  536.  305.    0.  778. 1208.]
 [1213.  848.  479.  624.    0. 1132.  398.  660.  831.  828.  386.    0.
   491.  590.  771.  386.  343.  672.  502.  851.]
 [1175.    0.   33. 1172.    0.  830.  414.  256. 1168.    0.  358.  491.
     0.  172.    0.  248.  256.    0.  528. 1191.]
 [1254.  667.  144. 1273.  360.  688.    0.  177. 1263.    0.  551.  590.
   172.    0.    0.  349.    0.    0.  627. 1286.]
 [ 636.  817.    0.  843.  808. 1461. 1096.    0.  766.   73. 1046.  771.
     0.    0.    0.    0. 1034.  578.  320.  790.]
 [ 865.  492.  154.  997.  147.    0.  591.  420. 1138.  646.  536.  386.
   248.  349.    0.    0.  439.  301.  287. 1165.]
 [1301.    0.    0.  959.    0.    0.  223.  485. 1164. 1052.  172.  343.
   256.    0. 1034.  439.    0.    0.  682. 1185.]
 [ 712.  301.  308. 1117.  215.  901.    0.    0. 1228.  592.    0.  672.
     0.    0.  578.  301.    0.    0.  323. 1255.]
 [ 783.  580.  468.  890.  462. 1111.  827.  698.  807.  379.  778.  502.
   528.  627.  320.  287.  682.  323.    0.  832.]
 [1416. 1382. 1180.  417.    0. 1786. 1258. 1354.   11.  853. 1208.  851.
  1191. 1286.  790. 1165. 1185. 1255.  832.    0.]]
EOF
