NAME:  DC_ce_m_wdo_n50
COMMENT: this is testing the generating format
TYPE:  GVRP
DIMENSION:  50
CAPACITY:  100
EDGE_TYPE:  DIRECTED
EDGE_WEIGHT_TYPE:  EXPLICIT
EDGE_WEIGHT_FORMAT:  SPARSE_MATRIX
NODE_COORD_TYPE:  TWOD_COORDS
NODE_COORD_SECTION
0 -6.3121 53.3301
1 -6.3103 53.3344
2 -6.3048 53.3262
3 -6.3029 53.3396
4 -6.3 53.3348
5 -6.2953 53.3643
6 -6.2917 53.3429
7 -6.2907 53.3595
8 -6.2899 53.3433
9 -6.2895 53.3394
10 -6.289 53.3542
11 -6.289 53.3605
12 -6.2883 53.3287
13 -6.2811 53.3439
14 -6.2803 53.3406
15 -6.2795 53.3387
16 -6.2795 53.3633
17 -6.2758 53.3507
18 -6.2731 53.3568
19 -6.272 53.3359
20 -6.2716 53.3543
21 -6.2715 53.3469
22 -6.27 53.3303
23 -6.27 53.3462
24 -6.2692 53.3645
25 -6.2688 53.3578
26 -6.266 53.3286
27 -6.2654 53.3415
28 -6.2651 53.3257
29 -6.2642 53.3487
30 -6.2568 53.3263
31 -6.2562 53.3617
32 -6.2517 53.355
33 -6.2463 53.3275
34 -6.2421 53.3334
35 -6.242 53.3596
36 -6.2416 53.352
37 -6.2415 53.3411
38 -6.2402 53.3569
39 -6.2364 53.3503
40 -6.235 53.3565
41 -6.233 53.3639
42 -6.2317 53.35
43 -6.2266 53.3443
44 -6.2262 53.3416
45 -6.2256 53.3275
46 -6.2231 53.3269
47 -6.2225 53.3379
48 -6.2132 53.341
49 -6.213 53.3252
DEPOT_SECTION:
0
-1
DEMAND_SECTION
0 2
1 3
2 2
3 1
4 3
5 1
6 1
7 3
8 1
9 1
10 1
11 2
12 1
13 3
14 1
15 2
16 1
17 1
18 2
19 2
20 2
21 1
22 1
23 1
24 1
25 2
26 1
27 3
28 3
29 1
30 3
31 3
32 3
33 3
34 2
35 1
36 3
37 2
38 1
39 3
40 3
41 2
42 2
43 2
44 2
45 2
46 2
47 3
48 2
49 1
EDGE_WEIGHT_SECTION
[[   0. 2197. 2171.  976.  802. 1485.  921.  992. 1717.  961. 1475. 1311.
  1769.  391. 1743. 1612. 1346. 1603. 1592. 1429. 1687.  645. 1336. 1052.
   324. 1037. 1288. 1439.  699.  689.  619. 1593. 2096. 1179.  970.  942.
   912. 1158. 1487. 1780. 1818.  936. 1747.  697. 1707.  986.  726. 1243.
  1193. 1387.]
 [1678.    0.  302.    0.    0.  895.    0.    0.    0.    0.    0.    0.
   400.    0.    0.    0.  697.    0.    0.    0.    0.    0.  994.    0.
     0.    0.    0.    0.    0.    0.    0.    0.    0.    0.    0.    0.
     0.    0.    0.    0.  476.    0.    0.    0.    0.    0.    0.    0.
     0. 1102.]
 [1663.  302.    0.    0.    0.  910.    0.    0.    0.    0.    0.    0.
   391.    0.    0.    0.  711.    0.    0.    0.    0.    0.    0.    0.
     0.    0.    0.    0.    0.    0.    0.    0.  170.    0.    0.    0.
     0.    0.    0.    0.  482.    0.    0.    0.    0.    0.    0.    0.
     0.    0.]
 [ 748.    0.    0.    0.    0.    0.    0.    0.    0.    0.  601.  222.
     0.    0.    0.  686.    0.    0.    0.  358.    0.    0.    0.    0.
     0.    0.    0.    0.    0.    0.    0.  473.    0.    0.    0.    0.
     0.    0.    0.    0.    0.   87.  592.    0.    0.    0.    0.    0.
     0.    0.]
 [ 614.    0.    0.    0.    0. 1012.  686.  134.  693.  223.  515.    0.
   967.  479.  901.  620.    0.  603.  595.  434.  858.  567.  899.  562.
   415.  193.  717.    0.  746.  279.  514.  611. 1058.  312.  207.  462.
   406.  473.  708.  741.    0.  233.  699.  570.  685.  552.  310.  686.
   747.  894.]
 [1138.  895.  910.    0. 1012.    0.  526. 1031.    0.  894. 1334.    0.
   529.  983.  886.    0.  316.    0.    0.    0.  845.  932.  292.  719.
  1065.    0.    0.    0.  787.  849.  769.    0.  892. 1038. 1058.  833.
   766.  817.  620.    0.  636.    0.    0.  752. 1233.  773. 1077.  666.
   412.  439.]
 [ 708.    0.    0.    0.  686.  526.    0.  783.    0.  591. 1067.    0.
   810.  546.  832.    0.    0.    0.    0.    0.  791.  492.  523.  528.
   596.    0.  442. 1009.  302.  511.  325.    0.    0.  773.  768.  488.
   475.  631.  645.    0.    0.    0.    0.  381.    0.  305.  609.  364.
   319.  455.]
 [ 758.    0.    0.    0.  234. 1031.  783.    0.  567.  418.  358.  431.
     0.    0.  900.  505.    0.  433.  425.  408.  856.    0.  918.  575.
     0.  257.  752.  467.  839.  377.  611.  758.  865.  197.  199.  833.
   576.  347.  607.  612.  844.    0.  576.  724.  829.  628.    0.  718.
   821. 1015.]
 [1313.    0.    0.    0.  693.    0.    0.  567.    0.  665.  681. 1000.
     0.    0.  396.  906.    0.  437.  429.  853.  353.    0.    0.  647.
  1100.    0.    0.  514. 1046.  751.  839.  967.  370.  638.  656.  918.
   666.  439.  426.  289.  329.    0. 1040.  836.  438.    0.  993.    0.
     0.    0.]
 [ 736.    0.    0.    0.  223.  894.  591.  237.  665.    0.  648.    0.
   860.  602.  803.    0.    0.  605.  597.    0.  760.  624.  781.  403.
   537.    0.  605.  512.  678.  235.  447.    0.  947.  281.  321.  429.
   270.  250.  643.    0.    0.    0.    0.  350.  685.  511.  432.  572.
   653.  879.]
 [1129.    0.    0.  601.  515. 1334. 1067.  358.  681.  648.    0.  428.
     0.    0. 1003.  313.    0.  402.  395.  311.  960.    0. 1220.  764.
     0.  434. 1139.  321. 1255.    0.  984.  426.  986.  439.    0.  966.
   729.  578.  916.  670.  959.    0.  512.  889.  515. 1032.    0. 1122.
  1122. 1317.]
 [1006.    0.    0.  373.    0.    0.    0.  431. 1000.    0.  428.    0.
     0.    0.    0.  504.    0.  718.  710.  303.    0.    0.    0.    0.
     0.  309.    0.  613.    0.    0.    0.  540. 1310.    0.  458.    0.
     0.    0.    0.  988. 1278.    0.  715.    0.  831.    0.    0.    0.
     0.    0.]
 [1350.  400.  391.    0.  967.  529.  810.    0.    0.  860.    0.    0.
     0. 1203.    0.    0.  332.    0.    0.    0.  205. 1134.  629.  733.
  1281.    0.    0.    0.  996.  937.  910.    0.  584.    0.    0.  996.
   853.    0.    0.    0.  279.    0.    0.  913.    0.  703. 1183.  468.
   693.  739.]
 [ 179.    0.    0.    0.  479.  983.  546.    0.    0.  602.    0.    0.
  1203.    0. 1181.    0.    0. 1092. 1084.    0. 1138.  175.  869.  669.
   126.    0.  834.  967.  383.  397.  322. 1032.    0.  769.    0.  330.
   506.  752.  984. 1230.    0.  581. 1150.  381. 1173.  602.  232.  798.
   760.  909.]
 [1333.    0.    0.    0.  901.  886.  832.  900.  396.  803. 1003.    0.
     0. 1181.    0. 1228.    0.  759.  752. 1175.  109. 1121.  772.  694.
  1241.    0.  477.  788. 1026.  939.  885. 1290.    0.  902.  919.  965.
   850.  679.  296.    0.    0.    0. 1362.  931.  692.  724. 1134.  466.
   760.  870.]
 [1232.    0.    0.  686.  620.    0.    0.  505.  906.    0.  313.  504.
     0.    0. 1228.    0.    0.  627.  620.  337. 1185.    0.    0.    0.
     0.  571.    0.  570.    0.    0.    0.  313. 1210.  694.    0.    0.
     0.    0. 1133.  895. 1184.    0.  300.    0.  740.    0.    0.    0.
     0.    0.]
 [1030.  697.  711.    0.    0.  316.    0.    0.    0.    0.    0.    0.
   332.    0.    0.    0.    0.    0.    0.    0.    0.    0.  420.    0.
     0.    0.   78.    0.    0.    0.    0.    0.  691.    0.    0.    0.
     0.    0.    0.    0.  441.    0.    0.    0.    0.    0.    0.    0.
     0.  790.]
 [1227.    0.    0.    0.  603.    0.    0.  433.  437.  605.  402.  718.
     0. 1092.  759.  627.    0.    0.   55.  571.  717.    0.    0.    0.
  1028.  558.    0.  223.    0.    0.    0.  687.  751.  398.    0.    0.
     0.  345.  605.  458.  715.    0.  760.    0.  288.    0.  923.    0.
     0.    0.]
 [1218.    0.    0.    0.  595.    0.    0.  425.  429.  597.  395.  710.
     0. 1084.  752.  620.    0.  169.    0.  564.  709.    0.    0.    0.
  1019.  551.    0.  209.    0.    0.    0.  679.  742.  390.    0.    0.
     0.  337.  597.  439.  707.    0.  753.    0.  403.    0.  914.    0.
     0.    0.]
 [1096.    0.    0.  358.  434.    0.    0.  408.  853.    0.  311.  178.
     0.    0. 1175.  337.    0.  571.  564.    0. 1132.    0.    0.    0.
     0.  285.    0.  464.    0.    0.    0.  215. 1161.    0.  436.    0.
     0.    0. 1094.  841. 1130.    0.  305.    0.  685.    0.    0.    0.
     0.    0.]
 [1291.    0.    0.    0.  858.  845.  791.  856.  353.  760.  960.    0.
   205. 1138.  109. 1185.    0.  717.  709. 1132.    0. 1079.  732.  652.
  1198.    0.  434.  745.  985.  844.  843. 1246.    0.  859.  876.  923.
   758.  636.  355.    0.  159.    0. 1318.  888.  649.  683. 1091.  423.
   719.  829.]
 [ 285.    0.    0.    0.  567.  932.  492.    0.    0.  624.    0.    0.
  1134.  175. 1121.    0.    0.    0.    0.    0. 1079.    0.  819.    0.
   235.    0.  774. 1005.  214.  448.  229.    0.    0.  805.    0.  273.
   545.    0.  930.    0.    0.  669.    0.  320.    0.  543.  313.  744.
   706.  852.]
 [1025.  994.    0.    0.  899.  177.  523.  918.    0.  781. 1220.    0.
   629.  869.  772.    0.  420.    0.    0.    0.  732.  819.    0.  605.
   951.    0.  337.    0.  682.  735.  656.    0.    0.  924.  945.  720.
   652.  704.  519.    0.  734.    0.    0.  638. 1119.  407.  964.  312.
   333.  408.]
 [ 805.    0.    0.    0.  336.  719.  528.  324.  647.  240.  764.    0.
   733.  669.  694.    0.    0.    0.    0.    0.  652.    0.  605.    0.
   609.    0.  473.  601.  649.  266.  379.    0.  939.  381.  441.    0.
   174.  273.  532.  727.    0.    0.    0.  288.    0.  358.  482.  494.
   593.  703.]
 [ 250.    0.    0.    0.  415. 1065.  596.    0. 1100.  537.    0.    0.
  1281.  213. 1241.    0.    0. 1028. 1019.    0. 1198.  409.  951.  609.
     0.    0.  914.  903.  463.  332.  402.  967. 1384.  704.    0.  360.
   440.  688. 1045. 1165.    0.  517. 1085.  411. 1108.  683.  219.  879.
   841.  990.]
 [ 792.    0.    0.    0.  193.    0.    0.  145.    0.    0.  434.  309.
     0.    0.    0.  571.    0.  558.  551.  285.    0.    0.    0.    0.
     0.    0.    0.  511.    0.    0.    0.  458.    0.    0.  201.    0.
     0.    0.    0.    0.    0.    0.  546.    0.    0.    0.    0.    0.
     0.    0.]
 [ 986.    0.    0.    0.  717.    0.  442.  752.    0.  605. 1139.    0.
     0.  834.  477.    0.   42.    0.    0.    0.  434.  774.  337.  473.
   914.    0.    0.    0.  635.  679.  609.    0.    0.  752.  770.  664.
   640.  532.  416.    0.    0.    0.    0.  616.    0.  333.  927.  201.
   325.  423.]
 [1101.    0.    0.    0.    0.    0. 1009.  266.  514.  512.  321.  613.
     0.  967.  788.  570.    0.  223.  209.  464.  745. 1005.    0.  601.
   903.  511.    0.    0. 1055.  642.  832.  578.  779.  299.    0.  848.
   607.  334.  631.  485.  743.    0.  651.  736.  313.  868.  798.    0.
     0.    0.]
 [ 536.    0.    0.    0.  746.  787.  302.  839. 1046.  678. 1255.    0.
   996.  383. 1026.    0.    0.    0.    0.    0.  985.  359.  682.  649.
   463.    0.  635. 1055.    0.  501.  332.    0. 1345.  856.  825.  478.
   598.  754.  839. 1181.    0.    0.    0.  546.    0.  473.  476.  536.
   562.  713.]
 [ 526.    0.    0.    0.  279.  849.  511.  377.  751.  235.    0.    0.
   937.  397.  939.    0.    0.    0.    0.    0.  844.  448.  735.  266.
   332.    0.  679.  642.  501.    0.  271.    0. 1029.  394.  361.  328.
   229.  368.  737.    0.    0.  382.    0.  238.    0.  431.  225.  639.
   625.  773.]
 [ 474.    0.    0.    0.  514.  769.  325.  611.  839.  447.  984.    0.
   910.  322.  885.    0.    0.    0.    0.    0.  843.  388.  656.  379.
   402.    0.  609.  832.  332.  271.    0.    0. 1135.  601.  596.  323.
   469.  495.  694.  915.    0.    0.    0.  223.    0.  335.  415.  579.
   542.  687.]
 [1222.    0.    0.  473.  611.    0.    0.  431.  967.    0.  426.  317.
     0. 1032. 1290.  313.    0.  687.  679.  215. 1246.    0.    0.    0.
   967.  458.    0.  578.    0.    0.    0.    0. 1273.    0.  614.    0.
     0.    0. 1200.  956. 1245.    0.  216.    0.  800.    0.  861.    0.
     0.    0.]
 [1606.    0.   22.    0. 1058.  892.    0.  865.  370.  947.  986. 1310.
   331.    0.    0. 1210.  691.  751.  742. 1161.    0.    0.    0.  939.
  1384.    0.    0.  779. 1345. 1029. 1135. 1273.    0.  957.  958. 1210.
   944.  743.  541.  433.  303.    0. 1343. 1129.  706.    0. 1278.    0.
     0.    0.]
 [ 902.    0.    0.    0.  312. 1038.  773.  109.  638.  281.  439.    0.
     0.  769.  902.  694.    0.  398.  390.    0.  859.  805.  924.  381.
   704.    0.  752.  299.  856.  394.  601.    0.  957.    0.    0.  638.
   396.  238.  727.  639.  912.    0.    0.  559.  521.  629.  599.  719.
   823. 1022.]
 [ 742.    0.    0.    0.  121. 1058.  768.   58.  656.  321.    0.  458.
     0.    0.  919.    0.    0.    0.    0.  436.  876.    0.  945.  441.
     0.  201.  770.    0.  825.  361.  596.  614.  958.    0.    0.  544.
   373.  321.  723.  702.    0.    0.  703.  469.    0.  639.    0.  806.
   833. 1043.]
 [ 414.    0.    0.    0.  462.  833.  488.  481.  918.  429.  966.    0.
   996.  330.  965.    0.    0.    0.    0.    0.  923.  273.  720.    0.
   360.    0.  664.  848.  286.  189.  188.    0. 1210.  638.  544.    0.
   348.    0.  770.    0.    0.    0.    0.   96.    0.  416.  372.  659.
   610.  758.]
 [ 699.    0.    0.    0.  244.  766.  475.  339.  666.  163.  729.    0.
   853.  506.  850.    0.    0.    0.    0.    0.  758.  545.  652.  174.
   440.    0.  640.  607.  598.  134.  277.    0.  944.  396.  373.  348.
     0.  279.  647.    0.    0.    0.    0.  229.    0.  352.  334.  600.
   544.  692.]
 [ 886.    0.    0.    0.  281.  817.  631.  194.  439.  250.  578.    0.
     0.  752.  679.    0.    0.  345.  337.    0.  636.    0.  704.  273.
   688.    0.  532.  334.  754.  368.  495.    0.  743.  238.  321.    0.
   279.    0.  510.  486.    0.    0.    0.  402.  428.  497.  582.  498.
   691.  802.]
 [1139.    0.    0.    0.  708.  620.  645.  607.  258.  643.  916.    0.
     0.  984.  296. 1133.    0.  605.  597. 1094.  203.  930.  519.  532.
  1045.    0.  238.  631.  839.  737.  694. 1200.  541.  727.  723.  770.
   647.  510.    0.  456.  316.    0. 1264.  735.  598.  539.  939.  270.
   508.  606.]
 [1360.    0.    0.    0.  741.    0.    0.  612.  168.    0.  670.  988.
     0. 1230.    0.  895.    0.  458.  439.  841.    0.    0.    0.  727.
  1165.    0.    0.  485. 1181.    0.  915.  956.  433.  639.  702.    0.
     0.  486.  456.    0.    0.    0. 1029.    0.  357.  904. 1059.    0.
     0.    0.]
 [1390.  268.  273.    0.    0.  636.    0.  844.  329.    0.  959. 1278.
    77.    0.    0. 1184.  441.  715.  707. 1130.   86.    0.  734.    0.
     0.    0.    0.  743.    0.    0.    0. 1245.  303.  912.    0.    0.
     0.    0.  316.    0.    0.    0. 1318.    0.  647.    0.    0.    0.
     0.    0.]
 [ 717.    0.    0.   11.  140.    0.    0.    0.    0.    0.    0.    0.
     0.  581.    0.    0.    0.    0.    0.    0.    0.  669.    0.    0.
   517.    0.    0.    0.    0.  382.    0.    0.    0.    0.    0.    0.
     0.    0.    0.    0.    0.    0.    0.    0.    0.    0.  413.    0.
     0.    0.]
 [1340.    0.    0.  592.  699.    0.    0.  576. 1040.    0.  512.  419.
     0. 1150. 1362.  167.    0.  760.  753.  305. 1318.    0.    0.    0.
  1085.  546.    0.  651.    0.    0.    0.  216. 1343.    0.  703.    0.
     0.    0. 1264. 1029. 1318.    0.    0.    0.  874.    0.  979.    0.
     0.    0.]
 [ 532.    0.    0.    0.  334.  752.  381.  417.  836.  350.  889.    0.
   913.  381.  931.    0.    0.    0.    0.    0.  888.  320.  638.  288.
   411.    0.  616.  736.  322.  140.  135.    0. 1129.  559.  469.   96.
   229.  402.  735.    0.    0.    0.    0.    0.    0.  333.    0.  577.
   528.  676.]
 [1306.    0.    0.    0.  685. 1233.    0.  478.  438.  685.  515.  831.
     0. 1173.  692.  740.    0.  288.  230.  685.  649.    0. 1119.    0.
  1108.    0.    0.  313.    0.    0.    0.  800.  706.  521.    0.    0.
     0.  428.  598.  357.  647.    0.  874.    0.    0.    0. 1002.    0.
  1107. 1217.]
 [ 755.    0.    0.    0.  552.  470.  305.  628.    0.  511. 1032.    0.
   703.  602.  724.    0.    0.    0.    0.    0.  683.  543.  407.  358.
   683.    0.  333.  868.  473.  431.  335.    0.    0.  629.  639.  416.
   352.  497.  539.  904.    0.    0.    0.  333.    0.    0.  644.  336.
   262.  406.]
 [ 330.    0.    0.    0.  310. 1077.  609.    0.  993.  432.    0.    0.
  1183.  232. 1134.    0.    0.  923.  914.    0. 1091.  313.  964.  482.
   123.    0.  927.  798.  476.  225.  415.  861. 1278.  599.    0.  372.
   334.  582.  939. 1059.    0.  413.  979.    0. 1002.  644.    0.  892.
   854. 1002.]
 [ 952.    0.    0.    0.  686.  393.  364.  718.    0.  572. 1122.    0.
   468.  798.  466.    0.    0.    0.    0.    0.  423.  744.  312.  494.
   879.    0.   56.    0.  536.  639.  579.    0.    0.  719.  806.  659.
   600.  498.  270.    0.    0.    0.    0.  577.    0.  336.  892.    0.
   302.  399.]
 [ 914.    0.    0.    0.  747.  252.  319.  821.    0.  653. 1122.    0.
   693.  760.  760.    0.    0.    0.    0.    0.  719.  706.  204.  593.
   841.    0.  325.    0.  562.  625.  542.    0.    0.  823.  833.  610.
   544.  691.  508.    0.    0.    0.    0.  528. 1107.  262.  854.  302.
     0.  246.]
 [1062. 1102.    0.    0.  894.  260.  455. 1015.    0.  879. 1317.    0.
   739.  909.  870.    0.  458.    0.    0.    0.  829.  852.  239.  703.
   990.    0.  423.    0.  713.  773.  687.    0.    0. 1022. 1043.  758.
   692.  802.  606.    0.    0.    0.    0.  676. 1217.  406. 1002.  399.
   246.    0.]]
EOF
