NAME:  DS_ce_m_wdo_n20
COMMENT: Generated by Finucane, Fulcher, O'Sullivan, and Seth (2021)
TYPE:  GVRP
DIMENSION:  20
CAPACITY:  100
EDGE_TYPE:  DIRECTED
EDGE_WEIGHT_TYPE:  EXPLICIT
EDGE_WEIGHT_FORMAT:  SPARSE_MATRIX
NODE_COORD_TYPE:  TWOD_COORDS
NODE_COORD_SECTION
0 -6.3198 53.3394
1 -6.3153 53.3288
2 -6.3124 53.3251
3 -6.3098 53.3395
4 -6.2907 53.3595
5 -6.2847 53.3636
6 -6.2807 53.3631
7 -6.2746 53.341
8 -6.2676 53.3453
9 -6.266 53.3633
10 -6.2655 53.3536
11 -6.2601 53.3632
12 -6.2592 53.332
13 -6.2543 53.3618
14 -6.241 53.3307
15 -6.2381 53.3262
16 -6.2381 53.3614
17 -6.237 53.3534
18 -6.2269 53.3279
19 -6.2199 53.3345
DEPOT_SECTION:
0
-1
DEMAND_SECTION
0 1
1 1
2 1
3 1
4 2
5 2
6 1
7 3
8 2
9 1
10 2
11 2
12 2
13 1
14 1
15 2
16 1
17 3
18 1
19 3
EDGE_WEIGHT_SECTION
[[   0. 4033. 3293. 2338.  793. 2400. 3873. 4132. 2903. 1913. 3948. 4366.
  3468. 3610.  612. 3817. 3166. 3976.  712. 2686.]
 [1390.    0.  799.  583. 1190.  762.  995.  126.  403.    0. 1262. 1133.
     0.  412. 1390. 1218.  815.  297.    0. 1021.]
 [1141.  481.    0.  548.  987.  768. 1247.  579.  354. 1007. 1420. 1385.
   125.    0. 1069. 1376.  368.  635. 1136.  564.]
 [ 799.  583.  548.    0.  612.  223.  764.  644.  258.  433.  871.  901.
   508.  558.  823.  827.  649.  564.  706.  840.]
 [ 280. 1190.  987.  612.    0.  605. 1112. 1224.  800.  440. 1135.    0.
   995. 1046.  419. 1091.  943.    0.  133. 1023.]
 [ 817.  762.  768.  223.  605.    0.  615.  676.  454.  431.  713.  820.
   728.  778.  902.  669.    0.  597.  681.    0.]
 [1328.  995. 1247.  764. 1112.  615.    0.  900.  931.  916.  575.  186.
  1207. 1256. 1409.  473.    0.  819. 1126.    0.]
 [1420.  126.  579.  644. 1224.  676.  900.    0.  437. 1070. 1207. 1037.
     0.  359. 1424. 1162.  847.  207.    0. 1051.]
 [ 998.  403.  354.  258.  800.  454.  931.  437.    0.    0. 1119. 1069.
   314.  364. 1033. 1074.  513.  524.    0.  718.]
 [ 663.    0. 1007.  433.  440.  431.  916. 1070.    0.    0.  922.    0.
     0.    0.  736.  878.  970.  990.  463. 1161.]
 [1347. 1262. 1420.  871. 1135.  713.  575. 1207. 1119.  922.    0.    0.
  1381. 1430. 1432.  241.    0. 1127. 1153.    0.]
 [1500. 1133. 1385.  901.    0.  820.  186. 1037. 1069.    0.    0.    0.
  1345. 1394.    0.    0.    0.  957.    0.    0.]
 [1198.    0.  205.  508.  995.  728. 1207.    0.  314.    0. 1381. 1345.
     0.  122. 1160. 1336.  474.    0.    0.  670.]
 [1248.  245.    0.  558. 1046.  778. 1256.  359.  364.    0. 1430. 1394.
   122.    0. 1210. 1386.    0.  478.    0.    0.]
 [ 212. 1390. 1069.  823.  419.  902. 1409. 1424. 1033.  736. 1432.    0.
  1160. 1210.    0. 1387.  840.    0.    0.  770.]
 [1302. 1218. 1376.  827. 1091.  669.  473. 1162. 1074.  878.  241.    0.
  1336. 1386. 1387.    0.    0. 1082. 1109.    0.]
 [1099.  815.  368.  649.  943.    0.    0.  847.  513.  970.    0.    0.
   474.    0.  840.    0.    0.  933. 1094.  300.]
 [1361.  297.  635.  564.    0.  597.  819.  207.  524.  990. 1127.  957.
     0.  478.    0. 1082.  933.    0. 1261. 1137.]
 [ 248.    0. 1136.  706.  133.  681. 1126.    0.    0.  463. 1153.    0.
     0.    0.    0. 1109. 1094. 1261.    0. 1165.]
 [ 909. 1021.  564.  840. 1023.    0.    0. 1051.  718. 1161.    0.    0.
   670.    0.  770.    0.  300. 1137. 1165.    0.]]
EOF
