NAME:  DC_co_m_wdo_n20
COMMENT: Generated by Finucane, Fulcher, O'Sullivan, and Seth (2021)
TYPE:  GVRP
DIMENSION:  20
CAPACITY:  100
EDGE_TYPE:  DIRECTED
EDGE_WEIGHT_TYPE:  EXPLICIT
EDGE_WEIGHT_FORMAT:  SPARSE_MATRIX
NODE_COORD_TYPE:  TWOD_COORDS
NODE_COORD_SECTION
0 -6.315 53.33
1 -6.3146 53.3396
2 -6.3125 53.3306
3 -6.2904 53.3637
4 -6.287 53.3637
5 -6.2849 53.3497
6 -6.2785 53.3588
7 -6.2654 53.3415
8 -6.2642 53.3601
9 -6.2615 53.3287
10 -6.2612 53.3648
11 -6.2611 53.3519
12 -6.2607 53.3584
13 -6.2579 53.3634
14 -6.2571 53.3277
15 -6.2498 53.3543
16 -6.2481 53.3461
17 -6.2276 53.3468
18 -6.2243 53.3264
19 -6.2183 53.3638
DEPOT_SECTION:
0
-1
DEMAND_SECTION
0 2
1 3
2 2
3 1
4 1
5 3
6 1
7 1
8 3
9 3
10 1
11 2
12 1
13 2
14 2
15 3
16 2
17 2
18 2
19 3
EDGE_WEIGHT_SECTION
[[   0. 1969. 3394. 4637. 2968. 3902. 4581. 4115. 4388. 2122. 4407. 3800.
  3652. 3896. 1995. 2725. 4083. 2208. 2467. 4464.]
 [ 609.    0.  541. 1293.  377.  627.    0.  726. 1340.  820.    0.  838.
     0.  659.  806.  486.    0.  297.  573. 1365.]
 [1076.  541.    0. 1143.  220.  748.    0.  234. 1142.  816.    0.  473.
    87.  164.    0.  179.    0.  355.  462. 1165.]
 [1460. 1293. 1143.    0.    0. 1723. 1021. 1326.  452.  892.  972.  616.
  1156. 1256.  832.  983.  946. 1102.  877.  474.]
 [ 944.  377.  220.    0.    0.  676.    0.  425.    0.  808.    0.    0.
     0.  355.  798.  168.    0.  246.  456.    0.]
 [1219.  627.  748. 1723.  676.    0.    0.    0. 1740. 1452.    0. 1117.
   819.  678. 1442.    0.    0.  888. 1096. 1763.]
 [1437.    0.    0. 1021.    0.    0.    0.  594. 1223. 1139.   72.  393.
   408.    0. 1082.  583.  258.    0.  817. 1241.]
 [1307.  726.  234. 1326.  425.    0.  594.    0. 1314.    0.  519.  651.
   252.  175.    0.  415.  479.    0.  689. 1337.]
 [1374. 1340. 1142.  452.    0. 1740. 1223. 1314.    0.  818. 1173.  820.
  1153. 1247.  756. 1123. 1149. 1212.  797.   28.]
 [ 675.  820.  816.  892.  808. 1452. 1139.    0.  818.    0. 1090.  817.
     0.    0.   72.  638. 1038.  585.  374.  843.]
 [1383.    0.    0.  972.    0.    0.   72.  519. 1173. 1090.    0.  381.
   353.  543. 1033.  529.  199.    0.  768. 1192.]
 [1197.  838.  473.  616.    0. 1117.  393.  651.  820.  817.  381.    0.
   485.  582.  761.  381.  290.  663.  495.  840.]
 [1159.    0.   87. 1156.    0.  819.  408.  252. 1153.    0.  353.  485.
     0.  170.    0.  245.  219.    0.  522. 1176.]
 [1237.  659.  164. 1256.  355.  678.    0.  175. 1247.    0.  543.  582.
   170.    0.    0.  344.    0.    0.  619. 1270.]
 [ 628.  806.    0.  832.  798. 1442. 1082.    0.  756.   72. 1033.  761.
     0.    0.    0.    0. 1020.  570.  316.  781.]
 [ 854.  486.  179.  983.  168.    0.  583.  415. 1123.  638.  529.  381.
   245.  344.    0.    0.  433.  297.  284. 1150.]
 [1284.    0.    0.  946.    0.    0.  258.  479. 1149. 1038.  199.  507.
   371.    0. 1020.  433.    0.    0.  673. 1169.]
 [ 702.  297.  355. 1102.  246.  888.    0.    0. 1212.  585.    0.  663.
     0.    0.  570.  297.    0.    0.  318. 1238.]
 [ 773.  573.  462.  877.  456. 1096.  817.  689.  797.  374.  768.  495.
   522.  619.  316.  284.  673.  318.    0.  822.]
 [1398. 1365. 1165.  474.    0. 1763. 1241. 1337.   50.  843. 1192.  840.
  1176. 1270.  781. 1150. 1169. 1238.  822.    0.]]
EOF
