NAME:  DC_co_m_wdo_n50
COMMENT: Generated by Finucane, Fulcher, O'Sullivan, and Seth (2021)
TYPE:  GVRP
DIMENSION:  50
CAPACITY:  100
EDGE_TYPE:  DIRECTED
EDGE_WEIGHT_TYPE:  EXPLICIT
EDGE_WEIGHT_FORMAT:  SPARSE_MATRIX
NODE_COORD_TYPE:  TWOD_COORDS
NODE_COORD_SECTION
0 -6.3164 53.3338
1 -6.3077 53.3394
2 -6.3058 53.3273
3 -6.3049 53.36
4 -6.3047 53.3613
5 -6.3039 53.339
6 -6.3028 53.3284
7 -6.3028 53.3353
8 -6.3027 53.329
9 -6.3027 53.3592
10 -6.299 53.3365
11 -6.298 53.341
12 -6.297 53.358
13 -6.2962 53.3543
14 -6.2953 53.3643
15 -6.2934 53.3614
16 -6.2926 53.3487
17 -6.2883 53.3304
18 -6.2858 53.332
19 -6.2841 53.3627
20 -6.2803 53.3419
21 -6.2791 53.3428
22 -6.2751 53.3608
23 -6.2714 53.3603
24 -6.2701 53.3312
25 -6.2698 53.3592
26 -6.2686 53.334
27 -6.2679 53.3568
28 -6.2669 53.3542
29 -6.2668 53.3569
30 -6.264 53.3262
31 -6.2585 53.3453
32 -6.2579 53.3556
33 -6.2571 53.3575
34 -6.2533 53.3326
35 -6.2494 53.3537
36 -6.2493 53.3441
37 -6.2482 53.3533
38 -6.2432 53.361
39 -6.2424 53.3602
40 -6.2419 53.3639
41 -6.2408 53.3442
42 -6.2392 53.3358
43 -6.2391 53.3387
44 -6.2389 53.3258
45 -6.2338 53.3396
46 -6.2322 53.3347
47 -6.2244 53.3378
48 -6.2205 53.363
49 -6.2153 53.3354
DEPOT_SECTION:
0
-1
DEMAND_SECTION
0 3
1 3
2 1
3 3
4 3
5 1
6 1
7 2
8 1
9 1
10 1
11 1
12 2
13 3
14 1
15 3
16 3
17 1
18 1
19 3
20 3
21 2
22 3
23 3
24 2
25 3
26 2
27 3
28 3
29 1
30 3
31 2
32 1
33 1
34 1
35 2
36 3
37 3
38 2
39 1
40 1
41 2
42 1
43 3
44 2
45 3
46 2
47 1
48 1
49 2
EDGE_WEIGHT_SECTION
[[   0.  744.  619.  624.  509. 1447.   61. 1205.  518.  795.  931. 1165.
   670.  845.  747. 1242.  860. 1180.  408.  768.  953.  909. 1028. 1095.
   836.  550. 1270.  985.  742.  928.  856.  829.  548.  853. 1007. 1060.
   788.  516.  768.  837.  975.  651.  759. 1000.  811. 1650.  545.  761.
   974.  956.]
 [ 512.    0.    0.  793.    0. 1272.    0.    0.    0.    0.    0. 1040.
     0.    0.    0.    0.    0.    0.  587.  139.    0.    0.    0.    0.
     0.  130.    0.    0.    0.    0.    0.    0.  504.    0.  938.  266.
   176.    0.    0.    0.    0.  252.    0.  916.    0.    0.  314.  615.
     0.  955.]
 [ 426.    0.    0.  583.  697.    0.  395.    0.  258.  122.  300.    0.
   767.    0.   73.    0.  967.  472.  545.  877.  657.  488.  708.  414.
     0.  701.    0.  679.  514.    0.  181.  572.    0.    0.  831.    0.
   920.  423.  177.    0.    0.  840.  379.  612.    0.    0.  765.  712.
     0.    0.]
 [ 425.  793.  583.    0.    0.  603.  419.    0.  330.  661.  639.  439.
     0.    0.  639.    0.  841.    0.  279.    0. 1047.  383. 1097.    0.
     0.    0.    0. 1068.  904.  618.    0.  961.  309.    0.  267.  978.
   794.  751.  685.  966.    0.  578.  349.  248.    0.    0.  505.  294.
     0.  291.]
 [ 353.    0.  697.    0.    0.    0.  321.    0.    0.    0.  909.    0.
   275.  710.  734.    0.    0. 1078.    0.  272.  814.    0.  868. 1019.
   733.  282.    0.  837.  668.  906.    0.  730.    0.    0.    0.    0.
     0.  462.  791.  736.    0.    0.    0.    0.    0.    0.    0.    0.
     0.    0.]
 [ 992. 1272.    0.  603.    0.    0.    0.    0.    0.    0.    0.  260.
     0.    0.    0.    0. 1326.  823.    0.    0.    0.  420.    0.  811.
     0.    0.  126.    0.    0.    0.    0.    0.  846.    0.  476. 1466.
  1276.    0.    0.    0.    0. 1058.  547.    0.    0.  910.    0.  859.
     0.    0.]
 [  43.    0.  395.  419.  321.    0.    0.    0.  325.    0.  610.    0.
   448.  553.  485.    0.  577.  779.  269.  501.  623.    0.  676.  721.
   541.  365.    0.  646.  478.  608.    0.  539.    0.    0.    0.    0.
   528.  324.  494.  544.    0.  438.    0.  654.    0.    0.  365.    0.
     0.  624.]
 [ 832.    0.    0.    0.    0.    0.    0.    0.    0.    0.    0.  135.
     0.    0.    0.    0.    0.    0.    0.    0.    0.  182.    0.    0.
     0.    0.  174.    0.    0.    0.    0.    0.    0.    0.    0.    0.
     0.    0.    0.    0.    0.    0.  340.  152.    0.    0.    0.    0.
     0.  131.]
 [ 357.    0.  258.  330.    0.    0.  325.    0.    0.  336.  311.    0.
   694.    0.  314.    0.  821.    0.  343.    0.  851.  284.  902.    0.
     0.  627.    0.  873.  707.  309.    0.  766.  437.    0.  577.    0.
   771.  554.  307.    0.    0.  636.  168.  359.    0.    0.  567.  502.
     0.    0.]
 [ 548.    0.  122.  661.    0.    0.    0.    0.  336.    0.  382.    0.
     0.    0.  124.    0.    0.  528.    0.    0.    0.  568.    0.  468.
     0.    0.    0.    0.    0.    0.  219.    0.    0.  196.  908.    0.
     0.    0.  223.    0.    0.    0.  459.  688.    0.    0.    0.    0.
     0.    0.]
 [ 642.    0.  300.  639.  909.    0.  610.    0.  311.  382.    0.    0.
   986.    0.  359.    0. 1120.  302.    0. 1088.    0.  351.    0.  240.
     0.  920.    0.    0.    0.   58.  207.    0.    0.  422.  805.    0.
  1071.  676.  157.    0.    0.  940.  295.  593.    0.  647.  869.    0.
     0.  530.]
 [ 801. 1040.    0.  439.    0.  260.    0.  135.    0.    0.    0.    0.
     0.    0.    0.    0. 1093.    0.    0.    0.    0.    0.    0.    0.
     0.    0.  181.    0.    0.    0.    0.    0.  689.    0.  259. 1233.
  1043.    0.    0.    0.    0.  825.    0.  132.    0.    0.    0.  628.
     0.  128.]
 [ 462.    0.  767.    0.  275.    0.  448.    0.  694.    0.  986.    0.
     0.  895.  851.    0.    0. 1156.  626.   64.    0.    0.    0. 1099.
     0.  113.    0.    0.    0.  984.    0.    0.    0.    0.    0.    0.
     0.    0.  876.    0.    0.    0.    0.    0.    0.    0.    0.    0.
     0.  997.]
 [ 583.    0.    0.    0.  710.    0.  553.    0.    0.    0.    0.    0.
   895.    0.    0.    0. 1047.  626.  787.  889.  441.    0.  491.  829.
   148.  785.    0.  462.  301.  809.  335.  356.    0.  181.    0.    0.
   999.  496.  319.  226.    0.  935.    0.    0.    0.    0.  863.    0.
   279.    0.]
 [ 516.    0.   73.  639.  734.    0.  485.    0.  314.  124.  359.    0.
   851.    0.    0.    0. 1052.  541.  636.  914.    0.  546.    0.  481.
     0.  785.    0.    0.    0.    0.  226.    0.    0.   75.  886.    0.
  1006.  526.  205.    0.    0.  932.  437.  666.    0.    0.  856.  796.
   168.    0.]
 [ 853.    0.    0.    0.    0.    0.    0.    0.    0.    0.    0.    0.
     0.    0.    0.    0.    0.    0.    0.    0.    0.    0.    0.  112.
     0.    0.    0.    0.    0.    0.    0.    0.    0.    0.    0.    0.
     0.    0.    0.    0.    0.    0.    0.    0.    0.  412.    0.    0.
     0.    0.]
 [ 589.    0.  967.  841.    0. 1326.  577.    0.  821.    0. 1120. 1093.
     0. 1047. 1052.    0.    0. 1355.  636.    0.    0.    0.    0. 1297.
  1068.  307.    0.    0.    0. 1118.    0.    0.  620.    0.  991.  321.
    59.    0. 1071. 1069.    0.  341.    0.  970.    0.    0.  362.  670.
     0. 1009.]
 [ 811.    0.  472.    0. 1078.  823.  779.    0.    0.  528.  302.    0.
  1156.  626.  541.    0. 1355.    0.  884. 1257.    0.  464.    0.  103.
     0. 1090.    0.    0.    0.  266.  308.    0.    0.  558.    0.    0.
  1307.  859.  323.    0.    0. 1132.    0.    0.    0.  459. 1061.    0.
     0.    0.]
 [ 279.  587.  545.  279.    0.    0.  269.    0.  343.    0.    0.    0.
   626.  787.  636.    0.  636.  884.    0.    0.  897.  628.  949.  825.
   815.    0.    0.  920.  752.    0.  689.  812.  102.    0.    0.  774.
   588.  602.  637.  817.    0.  371.  471.    0.    0.    0.  299.  265.
     0.  563.]
 [ 533.  139.  877.    0.  272.    0.  501.    0.    0.    0. 1088.    0.
    64.  889.  914.    0.    0. 1257.    0.    0.  888.    0.  943. 1197.
   869.    0.    0.  912.  711. 1086.    0.  807.    0.    0.    0.  295.
   269.  515.  970.  874.    0.    0.    0.    0.    0.    0.    0.    0.
     0.    0.]
 [ 655.    0.  657. 1047.  814.    0.  623.    0.  851.    0.    0.    0.
     0.  441.    0.    0.    0.    0.  897.  888.    0. 1098.  112.    0.
   485.  884.    0.   74.  300.    0.    0.  189.    0.    0.    0.    0.
     0.  732.    0.  448.  478. 1040.  990. 1194.    0.    0.  921.    0.
     0. 1163.]
 [ 627.    0.  488.  383.    0.  420.    0.  182.  284.  568.  351.    0.
     0.    0.  546.    0.    0.  464.  628.    0. 1098.    0. 1150.  491.
     0.    0.    0. 1121.  954.  321.  467. 1013.    0.    0.    0.    0.
     0.  801.  403.    0.    0.    0.  159.    0.    0.  846.    0.    0.
     0.  129.]
 [ 708.    0.  708. 1097.  868.    0.  676.    0.  902.    0.    0.    0.
     0.  491.    0.    0.    0.    0.  949.  943.  112. 1150.    0.    0.
   455.  935.    0.   80.  298.    0.    0.  242.    0.    0.    0.    0.
     0.  809.    0.  501.  531. 1093. 1041. 1245.    0.    0.  973.    0.
     0. 1213.]
 [ 753.    0.  414.    0. 1019.  811.  721.    0.    0.  468.  240.    0.
  1099.  490.  481.  112. 1297.  103.  825. 1197.    0.  491.    0.    0.
     0. 1033.    0.    0.    0.  262.  188.    0.    0.  498.    0.    0.
  1249.  803.  227.    0.    0. 1074.    0.    0.    0.  383. 1004.    0.
     0.    0.]
 [ 574.    0.    0.    0.  733.    0.  541.    0.    0.    0.    0.    0.
     0.  148.    0.    0. 1068.    0.  815.  869.  485.    0.  455.    0.
     0.  805.    0.  426.  321.    0.    0.  319.    0.    0.    0.    0.
  1020.  484.    0.  153.    0.  959.    0.    0.    0.    0.  839.    0.
     0.    0.]
 [ 379.  130.  701.    0.  282.    0.  365.    0.  627.    0.  920.    0.
   113.  785.  785.    0.  307. 1090.    0.    0.  884.    0.  935. 1033.
   805.    0.    0.  907.  866.  917.    0.  799.    0.    0.    0.  350.
   229.  614.  809.  804.    0.  254.    0.    0.    0.    0.  287.  614.
     0.    0.]
 [ 872.    0.    0.    0.    0.  126.    0.  174.    0.    0.    0.  181.
     0.    0.    0.    0.    0.    0.    0.    0.    0.    0.    0.    0.
     0.    0.    0.    0.    0.    0.    0.    0.    0.    0.  449.    0.
     0.    0.    0.    0.    0.    0.    0.  191.    0.  897.    0.    0.
     0.  216.]
 [ 678.    0.  679. 1068.  837.    0.  646.    0.  873.    0.    0.    0.
     0.  462.    0.    0.    0.    0.  920.  912.   74. 1121.   80.    0.
   426.  907.    0.    0.  267.    0.    0.  208.    0.    0.    0.    0.
     0.  764.    0.  467.  498. 1063. 1012. 1215.    0.    0.  944.    0.
     0. 1185.]
 [ 510.    0.  514.  904.  668.    0.  478.    0.  707.    0.    0.    0.
     0.  301.    0.    0.    0.    0.  752.  711.  300.  954.  298.    0.
   321.  866.    0.  267.    0.    0.    0.  160.    0.    0.    0.    0.
     0.  468.    0.  259.  417.  894.  845. 1050.    0.    0.  777.    0.
     0. 1019.]
 [ 640.    0.    0.  618.  906.    0.  608.    0.  309.    0.   58.    0.
   984.  480.    0.    0. 1118.  266.    0. 1086.    0.  321.    0.  262.
     0.  917.    0.    0.    0.    0.  203.    0.    0.    0.  803.    0.
  1069.  759.    0.    0.    0.  938.  292.  590.    0.  619.  867.    0.
     0.    0.]
 [ 589.    0.  181.    0.    0.    0.    0.    0.    0.  219.  346.    0.
     0.  335.  226.    0.    0.  308.  689.    0.    0.  467.    0.  335.
     0.    0.    0.    0.    0.  349.    0.    0.    0.  249.    0.    0.
     0.    0.   50.    0.    0.  993.    0.    0.    0.    0.  919.  815.
     0.    0.]
 [ 571.    0.  572.  961.  730.    0.  539.    0.  766.    0.    0.    0.
     0.  356.    0.    0.    0.    0.  812.  807.  189. 1013.  242.    0.
   319.  799.    0.  208.  160.    0.    0.    0.    0.    0.    0.    0.
     0.  608.    0.  339.  370.  956.  905. 1108.    0.    0.  836.    0.
     0. 1077.]
 [ 376.  504.    0.  309.    0.  846.    0.    0.  437.    0.    0.  689.
     0.    0.    0.    0.  620.    0.  102.    0.    0.    0.    0.    0.
     0.    0.    0.    0.    0.    0.    0.    0.    0.    0.  543.  697.
   507.    0.    0.    0.    0.  289.  538.  490.    0.    0.  259.  233.
     0.  531.]
 [ 589.    0.    0.    0.    0.    0.    0.    0.    0.  196.  422.    0.
     0.  109.   75.    0.    0.  558.    0.    0.    0.    0.    0.  498.
     0.    0.    0.    0.    0.    0.  249.    0.    0.    0.    0.    0.
     0.    0.  249.    0.    0.    0.    0.    0.    0.    0.    0.    0.
   144.    0.]
 [ 688.  938.  831.  267.    0.  476.    0.    0.  577.  908.  805.  259.
     0.    0.  886.    0.  991.    0.    0.    0.    0.    0.    0.    0.
     0.    0.  449.    0.    0.  803.    0.    0.  543.    0.    0. 1131.
   941.    0.  870.    0.    0.  723.  528.  340.    0.    0.    0.  547.
     0.  415.]
 [ 729.  266.    0.  978.    0. 1466.    0.    0.    0.    0.    0. 1233.
     0.    0.    0.    0.  321.    0.  774.  295.    0.    0.    0.    0.
     0.  350.    0.    0.    0.    0.    0.    0.  697.    0. 1131.    0.
   310.    0.    0.    0.    0.  493.    0. 1110.    0.    0.  501.  810.
     0. 1148.]
 [ 540.  313.  920.  794.    0. 1276.  528.    0.  771.    0. 1071. 1043.
     0.  999. 1006.    0.   59. 1307.  588.  269.    0.    0.    0. 1249.
  1020.  389.    0.    0.    0. 1069.    0.    0.  507.    0.  941.  310.
     0.    0. 1023. 1021.    0.  253.    0.  919.   16.    0.  315.  619.
     0.  959.]
 [ 356.    0.  423.  751.  462.    0.  324.    0.  554.    0.  676.    0.
     0.  496.  526.    0.    0.  859.  602.  515.  430.  801.  478.  803.
   484.  614.    0.  451.  275.  759.    0.  359.    0.    0.    0.    0.
     0.    0.    0.  486.    0.  741.  693.  897.    0.    0.  685.    0.
     0.  866.]
 [ 527.    0.  177.  685.  791.    0.  494.    0.  307.  223.  267.    0.
   876.  319.  205.    0. 1071.  323.  637.  970.    0.  403.    0.  392.
     0.  809.    0.    0.    0.    0.   50.    0.    0.  249.  870.    0.
  1023.    0.    0.    0.    0.  848.  357.  657.    0.    0.  779.    0.
     0.  593.]
 [ 576.    0.    0.  966.  736.    0.  544.    0.    0.    0.    0.    0.
     0.  226.    0.    0. 1069.    0.  817.  874.  448.    0.  501.    0.
   153.  804.    0.  467.  259.    0.    0.  339.    0.    0.    0.    0.
  1021.  486.    0.    0.  105.  961.    0.    0.    0.    0.  840.    0.
     0.    0.]
 [ 671.    0.    0.    0.    0.    0.    0.    0.    0.    0.    0.    0.
     0.    0.    0.    0.    0.    0.    0.    0.  478.    0.  531.    0.
     0.    0.    0.  498.  417.    0.    0.  370.    0.    0.    0.    0.
     0.    0.    0.  105.    0.    0.    0.    0.    0.    0.    0.    0.
     0.    0.]
 [ 449.  252.  840.  578.    0. 1058.  438.    0.  636.    0.  940.  825.
     0.  935.  932.    0.  341. 1132.  371.    0. 1040.    0. 1093. 1074.
   959.  254.    0. 1063.  894.  938.  993.  956.  289.    0.  723.  493.
   253.  741.  848.  961.    0.    0.  810.  701.    0.    0.  151.  402.
     0.  740.]
 [ 524.    0.  379.  349.    0.  547.    0.  340.  168.  459.  295.    0.
     0.    0.  437.    0.    0.    0.  471.    0.  990.  159. 1041.    0.
     0.    0.    0. 1012.  845.  292.    0.  905.  538.    0.  528.    0.
     0.  693.  357.    0.    0.  810.    0.  311.    0.    0.  737.  589.
     0.  246.]
 [ 687.  916.  612.  248.    0.    0.  654.  152.  359.  688.  593.  132.
     0.    0.  666.    0.  970.    0.    0.    0. 1194.    0. 1245.    0.
     0.    0.  191. 1215. 1050.  590.    0. 1108.  490.    0.  340. 1110.
   919.  897.  657.    0.    0.  701.  311.    0.    0.    0.    0.  503.
     0.   98.]
 [ 556.    0.    0.    0.    0.    0.    0.    0.    0.    0.    0.    0.
     0.    0.    0.    0.    0.    0.    0.    0.    0.    0.    0.    0.
     0.    0.    0.    0.    0.    0.    0.    0.    0.    0.    0.    0.
    16.    0.    0.    0.    0.    0.    0.    0.    0.    0.    0.    0.
     0.    0.]
 [1136.    0.    0.    0.    0.  910.    0.    0.    0.    0.  647.    0.
     0.    0.    0.  412.    0.  459.    0.    0.    0.  846.    0.  383.
     0.    0.  897.    0.    0.  619.    0.    0.    0.    0.    0.    0.
     0.    0.    0.    0.    0.    0.    0.    0.    0.    0.    0.    0.
     0.    0.]
 [ 375.  314.  765.  505.    0.    0.  365.    0.  567.    0.  869.    0.
     0.  863.  856.    0.  362. 1061.  299.    0.  921.    0.  973. 1004.
   839.  287.    0.  944.  777.  867.  919.  836.  259.    0.    0.  501.
   315.  685.  779.  840.    0.  151.  737.    0.    0.    0.    0.  384.
     0.    0.]
 [ 521.  615.  712.  294.    0.  859.    0.    0.  502.    0.    0.  628.
     0.    0.  796.    0.  670.    0.  265.    0.    0.    0.    0.    0.
     0.  614.    0.    0.    0.    0.  815.    0.  233.    0.  547.  810.
   619.    0.    0.    0.    0.  402.  589.  503.    0.    0.  384.    0.
     0.  544.]
 [ 673.    0.    0.    0.    0.    0.    0.    0.    0.    0.    0.    0.
     0.  279.  168.    0.    0.    0.    0.    0.    0.    0.    0.    0.
     0.    0.    0.    0.    0.    0.    0.    0.    0.  144.    0.    0.
     0.    0.    0.    0.    0.    0.    0.    0.    0.    0.    0.    0.
     0.    0.]
 [ 656.  955.    0.  291.    0.    0.  624.  223.    0.    0.  530.  217.
   997.    0.    0.    0. 1009.    0.  563.    0. 1163.  220. 1213.    0.
     0.    0.  216. 1185. 1019.    0.    0. 1077.  531.    0.  415. 1148.
   959.  866.  593.    0.    0.  740.  246.  161.    0.    0.    0.  544.
     0.    0.]]
EOF
