NAME:  DS_ce_m_wdo_n20
COMMENT: Generated by Finucane, Fulcher, O'Sullivan, and Seth (2021)
TYPE:  GVRP
DIMENSION:  20
CAPACITY:  100
EDGE_TYPE:  DIRECTED
EDGE_WEIGHT_TYPE:  EXPLICIT
EDGE_WEIGHT_FORMAT:  SPARSE_MATRIX
NODE_COORD_TYPE:  TWOD_COORDS
NODE_COORD_SECTION
0 -6.371 53.3178
1 -6.3699 53.3204
2 -6.369 53.3188
3 -6.3613 53.3104
4 -6.3559 53.3083
5 -6.3527 53.3235
6 -6.3398 53.2897
7 -6.3324 53.2907
8 -6.3147 53.2906
9 -6.3073 53.273
10 -6.2442 53.3052
11 -6.2435 53.2713
12 -6.2433 53.272
13 -6.2203 53.2743
14 -6.2047 53.2742
15 -6.1937 53.2827
16 -6.1789 53.2529
17 -6.1638 53.2784
18 -6.161 53.2861
19 -6.137 53.237
DEPOT_SECTION:
0
-1
DEMAND_SECTION
0 0
1 1
2 3
3 1
4 3
5 1
6 2
7 2
8 1
9 1
10 2
11 2
12 1
13 1
14 1
15 1
16 3
17 2
18 1
19 1
EDGE_WEIGHT_SECTION
[[   0.  814. 4704.   21. 2760. 1865. 2602.  193. 3623.  349. 3021. 2792.
   223. 2600.  297.  906. 3531.  696. 2013. 3083.]
 [ 682.    0. 2775.    0. 1820.  946. 1565.  521. 2697. 1159. 1522.    0.
     0. 1563.  480.  414. 2443.  141. 1374. 2065.]
 [3972. 2775.    0.    0. 1668.    0.    0. 3104. 1023.    0. 1486. 1817.
     0. 2034.    0.    0. 1213. 2691.    0. 1345.]
 [  66.    0.    0.    0.    0.    0.    0.    0.    0.    0.    0.    0.
   180.    0.    0.    0.    0.    0.    0.    0.]
 [2315. 1820. 1668.    0.    0.    0.  859. 2153.  665. 2717.  690.  638.
     0.  878.    0.    0.    0. 1735. 1437.  794.]
 [1578.  946.    0.    0.    0.    0. 1020. 1411.    0. 1491.    0.    0.
     0. 1018. 1328.  870. 2327.  820. 2025.    0.]
 [2201. 1565.    0.    0.  859. 1020.    0. 2028. 1276. 1846.    0.    0.
     0.   16. 1945. 1150. 1410. 1440. 1088.  905.]
 [ 162.  521. 3104.    0. 2153. 1411. 2028.    0. 2946.  353. 1855.    0.
   173. 2027.   87.  598. 2869.  422.    0. 2489.]
 [3062. 2697. 1023.    0.  665.    0. 1276. 2946.    0. 2883.  576.    0.
  3132.    0. 2862. 2130.  226. 2572. 1503.  426.]
 [ 155. 1159.    0.    0. 2717. 1491. 1846.  353. 2883.    0. 2372. 2178.
   216. 1844.  354. 1039. 2805.  721. 1512. 2424.]
 [2551. 1522. 1486.    0.  690.    0.    0. 1855.  990. 2372.    0.  328.
     0.    0. 1796. 1573. 1189. 1437. 1042.  428.]
 [2358.    0. 1817.    0.  638.    0.    0.    0.    0. 2178.  328.    0.
     0.  317.    0.    0.    0.    0. 1268.    0.]
 [ 187.    0.    0.  180.    0.    0.    0.  173. 3132.  407.    0.    0.
     0.    0.    0.    0. 3054.    0. 1767. 2674.]
 [2200. 1563. 2034.    0.  878. 1018.   16. 2027.    0. 1844.    0.  317.
     0.    0. 1943. 1148.    0. 1438. 1065.    0.]
 [ 249.  480.    0.    0.    0. 1328. 1945.   87. 2862.  354. 1796.    0.
     0. 1943.    0.  532. 2784.  382. 1686. 2405.]
 [ 760.  414.    0.    0.    0.  492. 1150.  598. 2130. 1039. 1573.    0.
     0. 1148.  532.    0. 2053.  277. 1086. 1677.]
 [2984. 2443. 1213.    0.    0. 2327. 1410. 2869.  226. 2805.  691.    0.
  3054.    0. 2784. 2053.    0. 2318. 1423.  669.]
 [ 584.  141. 2691.    0. 1735.  820. 1440.  422. 2572.  721. 1437.    0.
     0. 1438.  382.  277. 2318.    0. 1250. 1941.]
 [1698. 1374.    0.    0. 1437. 1129.  598.    0. 1503. 1512. 1042.  737.
  1767.  586. 1686. 1086. 1423. 1250.    0. 1073.]
 [2605. 2065. 1345.    0.  794.    0.  905. 2489.  744. 2424.  245.    0.
  2674.    0. 2405. 1677.  669. 1941. 1073.    0.]]
EOF
