NAME:  DS_ce_m_wdp_n20
COMMENT: this is testing the generating format
TYPE:  GVRP
DIMENSION:  20
CAPACITY:  100
EDGE_TYPE:  DIRECTED
EDGE_WEIGHT_TYPE:  EXPLICIT
EDGE_WEIGHT_FORMAT:  SPARSE_MATRIX
NODE_COORD_TYPE:  TWOD_COORDS
NODE_COORD_SECTION
0 -6.371 53.3178
1 -6.3699 53.3204
2 -6.369 53.3188
3 -6.3613 53.3104
4 -6.3559 53.3083
5 -6.3527 53.3235
6 -6.3398 53.2897
7 -6.3324 53.2907
8 -6.3147 53.2906
9 -6.3073 53.273
10 -6.2442 53.3052
11 -6.2435 53.2713
12 -6.2433 53.272
13 -6.2203 53.2743
14 -6.2047 53.2742
15 -6.1937 53.2827
16 -6.1789 53.2529
17 -6.1638 53.2784
18 -6.161 53.2861
19 -6.137 53.237
DEPOT_SECTION:
0
-1
DEMAND_SECTION
0 3
1 1
2 2
3 1
4 3
5 2
6 2
7 3
8 2
9 1
10 3
11 1
12 2
13 1
14 3
15 1
16 1
17 1
18 3
19 1
EDGE_WEIGHT_SECTION
[[   0.    0. 5206.   65.    0. 1983. 2777.    0. 3951.  249. 3337. 3094.
   207. 2775.    0.    0. 3844.    0. 2347. 3395.]
 [   0.    0.    0.    0.    0.  971. 1646.    0. 2832. 1159.    0.    0.
     0. 1645.    0.  376. 2671.  210. 1608. 2288.]
 [4423.    0.    0.    0. 1882.    0.    0.    0. 1249.    0. 1652. 2231.
     0. 2447.    0.    0. 1444.    0.    0. 1518.]
 [  32.    0.    0.    0.    0.    0.    0.    0.    0.    0.    0.    0.
     0.    0.    0.    0.    0.    0.    0.    0.]
 [   0.    0. 1882.    0.    0.    0. 1045.    0.  750. 3130.  844.  685.
     0. 1065.    0.    0.    0.    0. 1639.  892.]
 [1687.  971.    0.    0.    0.    0. 1078. 1451.    0. 1656.    0.    0.
     0.  926. 1354.  635. 2511.  846. 1517.    0.]
 [2362. 1646.    0.    0. 1045. 1078.    0. 2126. 1314. 2096.    0.    0.
     0.    7. 2029. 1292. 1451. 1521.  851.  944.]
 [   0.    0.    0.    0.    0. 1451. 2126.    0. 3207.  455.    0.    0.
     0. 2124.    0.    0. 3117.    0.    0. 2734.]
 [3358. 2832. 1249.    0.  750.    0. 1314. 3207.    0. 3112.  669.    0.
  3434.    0. 3111. 2349.  194. 2707. 1541.  498.]
 [ 365. 1159.    0.    0. 3130. 1656. 2096.  455. 3112.    0. 2590. 2383.
   343. 2094.    0. 1080. 3022.    0. 1749. 2639.]
 [2837.    0. 1652.    0.  844.    0.    0.    0.  669. 2590.    0.  246.
     0.    0.    0. 1819.  693.    0. 1061.  286.]
 [2630.    0. 2231.    0. 1179.    0.    0.    0.    0. 2383.  715.    0.
     0.  350.    0.    0.    0.    0. 1268.    0.]
 [ 535.    0.    0.    0.    0.    0.    0.    0. 3434.  343.    0.    0.
     0.    0.    0.    0. 3343.    0. 2070. 2961.]
 [2360. 1645. 2447.    0. 1065. 1593.   59. 2124.    0. 2094.    0.  350.
     0.    0. 2028. 1291.    0. 1520. 1231.    0.]
 [   0.    0.    0.    0.    0. 1354. 2029.    0. 3111.    0.    0.    0.
     0. 2028.    0.    0. 3021.    0. 1938. 2638.]
 [   0.  642.    0.    0.    0.  635. 1292.    0. 2349. 1080. 1819.    0.
     0. 1291.    0.    0. 2260.  439. 1265. 1877.]
 [3268. 2671. 1444.    0.    0. 2511. 1451. 3117.  334. 3022. 1192.    0.
  3343.    0. 3021. 2260.    0. 2544. 1450.  986.]
 [   0.  121.    0.    0.    0.  846. 1521.    0. 2707.    0.    0.    0.
     0. 1520.    0.  255. 2544.    0. 1476. 2161.]
 [1995. 1608.    0.    0. 1639. 1517.  851.    0. 1541. 1749. 1061.  737.
  2070.  716. 1938. 1265. 1450. 1476.    0. 1073.]
 [2885. 2288. 1518.    0.  892.    0.  944. 2734.  498. 2639.  286.    0.
  2961.    0. 2638. 1877.  578. 2161. 1073.    0.]]
EOF
