NAME:  DS_ce_m_wdp_n20
COMMENT: Generated by Finucane, Fulcher, O'Sullivan, and Seth (2021)
TYPE:  GVRP
DIMENSION:  20
CAPACITY:  100
EDGE_TYPE:  DIRECTED
EDGE_WEIGHT_TYPE:  EXPLICIT
EDGE_WEIGHT_FORMAT:  SPARSE_MATRIX
NODE_COORD_TYPE:  TWOD_COORDS
NODE_COORD_SECTION
0 -6.371 53.3178
1 -6.3699 53.3204
2 -6.369 53.3188
3 -6.3613 53.3104
4 -6.3559 53.3083
5 -6.3527 53.3235
6 -6.3398 53.2897
7 -6.3324 53.2907
8 -6.3147 53.2906
9 -6.3073 53.273
10 -6.2442 53.3052
11 -6.2435 53.2713
12 -6.2433 53.272
13 -6.2203 53.2743
14 -6.2047 53.2742
15 -6.1937 53.2827
16 -6.1789 53.2529
17 -6.1638 53.2784
18 -6.161 53.2861
19 -6.137 53.237
DEPOT_SECTION:
0
-1
DEMAND_SECTION
0 2
1 1
2 2
3 3
4 1
5 2
6 1
7 1
8 1
9 1
10 3
11 1
12 2
13 1
14 2
15 3
16 2
17 2
18 1
19 3
EDGE_WEIGHT_SECTION
[[   0.  814. 5223.   33. 2760. 1990. 2786.  193. 3964.  432. 3348. 3104.
   285. 2784.  297.  906. 3857.  696. 2354. 3406.]
 [ 682.    0. 2775.    0. 1820.  971. 1646.  521. 2832. 1159. 1522.    0.
     0. 1645.  480.  436. 2671.  141. 1608. 2288.]
 [4423. 2775.    0.    0. 1882.    0.    0. 3104. 1249.    0. 1652. 2231.
     0. 2447.    0.    0. 1444. 2691.    0. 1518.]
 [  81.    0.    0.    0.    0.    0.    0.    0.    0.    0.    0.    0.
   180.    0.    0.    0.    0.    0.    0.    0.]
 [2315. 1820. 1882.    0.    0.    0. 1045. 2153.  750. 3130.  844.  797.
     0. 1065.    0.    0.    0. 1735. 1639.  892.]
 [1687.  971.    0.    0.    0.    0. 1078. 1451.    0. 1656.    0.    0.
     0. 1076. 1354.  940. 2511.  846. 2249.    0.]
 [2362. 1646.    0.    0. 1045. 1078.    0. 2126. 1314. 2096.    0.    0.
     0.   20. 2029. 1292. 1451. 1521. 1259.  944.]
 [ 162.  521. 3104.    0. 2153. 1451. 2126.    0. 3207.  455. 1855.    0.
   173. 2124.   87.  598. 3117.  422.    0. 2734.]
 [3358. 2832. 1249.    0.  750.    0. 1314. 3207.    0. 3112.  576.    0.
  3434.    0. 3111. 2349.  226. 2707. 1541.  426.]
 [ 212. 1159.    0.    0. 3130. 1656. 2096.  455. 3112.    0. 2590. 2383.
   295. 2094.  354. 1080. 3022.  721. 1749. 2639.]
 [2837. 1522. 1652.    0.  844.    0.    0. 1855.  990. 2590.    0.  328.
     0.    0. 1796. 1819. 1192. 1437. 1061.  428.]
 [2630.    0. 2231.    0.  797.    0.    0.    0.    0. 2383.  328.    0.
     0.  350.    0.    0.    0.    0. 1268.    0.]
 [ 241.    0.    0.  180.    0.    0.    0.  173. 3434.  506.    0.    0.
     0.    0.    0.    0. 3343.    0. 2070. 2961.]
 [2360. 1645. 2447.    0. 1065. 1076.   20. 2124.    0. 2094.    0.  350.
     0.    0. 2028. 1291.    0. 1520. 1231.    0.]
 [ 249.  480.    0.    0.    0. 1354. 2029.   87. 3111.  354. 1796.    0.
     0. 2028.    0.  532. 3021.  382. 1938. 2638.]
 [ 760.  436.    0.    0.    0.  547. 1292.  598. 2349. 1080. 1819.    0.
     0. 1291.  532.    0. 2260.  297. 1265. 1877.]
 [3268. 2671. 1444.    0.    0. 2511. 1451. 3117.  226. 3022.  693.    0.
  3343.    0. 3021. 2260.    0. 2544. 1450.  669.]
 [ 584.  141. 2691.    0. 1735.  846. 1521.  422. 2707.  721. 1437.    0.
     0. 1520.  382.  297. 2544.    0. 1476. 2161.]
 [1995. 1608.    0.    0. 1639. 1304.  733.    0. 1541. 1749. 1061.  737.
  2070.  716. 1938. 1265. 1450. 1476.    0. 1073.]
 [2885. 2288. 1518.    0.  892.    0.  944. 2734.  744. 2639.  245.    0.
  2961.    0. 2638. 1877.  669. 2161. 1073.    0.]]
EOF
