NAME:  DS_co_m_wdp_n20
COMMENT: Generated by Finucane, Fulcher, O'Sullivan, and Seth (2021)DIMENSION:  20
CAPACITY:  100
EDGE_TYPE:  DIRECTED
EDGE_WEIGHT_TYPE:  EXPLICIT
EDGE_WEIGHT_FORMAT:  SPARSE_MATRIX
NODE_COORD_TYPE:  TWOD_COORDS
NODE_COORD_SECTION
0 -6.3682 53.2907
1 -6.3617 53.2862
2 -6.3535 53.3232
3 -6.341 53.3236
4 -6.3311 53.277
5 -6.3275 53.2876
6 -6.2879 53.293
7 -6.2807 53.2947
8 -6.2617 53.2807
9 -6.252 53.3212
10 -6.2416 53.3182
11 -6.2334 53.3027
12 -6.2213 53.2677
13 -6.2202 53.268
14 -6.2181 53.309
15 -6.1823 53.3021
16 -6.1813 53.3018
17 -6.17 53.2963
18 -6.1593 53.2669
19 -6.1239 53.2332
DEPOT_SECTION:
0
-1
DEMAND_SECTION
0 2
1 2
2 2
3 1
4 1
5 3
6 1
7 3
8 1
9 3
10 2
11 2
12 2
13 2
14 2
15 3
16 1
17 2
18 2
19 3
EDGE_WEIGHT_SECTION
[[   0. 2591. 2172. 1520. 1210. 1984. 2373. 2049. 3422. 2191. 1379.  785.
  1226. 1493. 2037. 2775. 2240. 1906.  716. 1860.]
 [2098.    0.    0.    0.    0. 1048.  392.    0.    0. 1493.    0.    0.
     0.    0.    0.    0.    0.    0.    0.    0.]
 [1758.    0.    0. 1694.    0.    0.  683. 2468. 3820.  996.    0.    0.
     0. 2613. 1100.  415. 1682.  800.    0.    0.]
 [1233.    0. 1694.    0. 1271. 2293. 2319.    0. 2345.    0. 1597. 1176.
     0.    0.  851. 1786.   47. 1305.  843.    0.]
 [ 980.    0.    0. 1271.    0. 1075. 1162. 2024.    0.    0. 1325. 1355.
  1662. 1786. 1043.  981.    0.  444.  996.    0.]
 [1607. 1048.    0. 2293. 1075.    0. 1037. 3078.    0.  487. 1427. 2021.
     0.    0.    0. 1682.    0. 1089. 1770.    0.]
 [1921.  133.  683. 2319. 1162. 1037.    0. 3068. 3053. 1116. 1741. 2334.
     0.    0. 1715. 1092. 2307. 1249. 2081.    0.]
 [1656.    0. 2468.    0. 2024. 3078. 3068.    0. 1236.    0.    0. 1251.
     0.  619. 1826.    0.  994.    0. 1429.    0.]
 [2762.    0. 3820. 2345.    0.    0. 3053. 1236.    0.    0.    0.    0.
     0. 1912. 2992. 3880. 2338. 3429.    0.    0.]
 [1775.  868.  996.    0.    0.   59. 1116.    0.    0.    0.    0.    0.
     0.    0.    0.    0.    0.    0.    0.    0.]
 [ 616.    0.    0. 1597.  741. 1427. 1741.    0.    0.    0.    0. 1143.
     0.    0. 1318. 1310.    0.  891.  889.    0.]
 [ 364.    0.    0. 1176. 1355. 2021. 2334. 1251.    0.    0. 1143.    0.
   568.    0. 1293. 1902. 1164.    0.  559.    0.]
 [ 994.    0.    0.    0. 1662.    0.    0.    0.    0.    0.    0.  976.
     0.  208. 2427.    0. 1755.    0. 1309.   49.]
 [1211.    0. 2613.    0. 1786.    0.    0. 1064. 1912.    0.    0.    0.
   208.    0. 2517.    0. 1529.    0.    0.  582.]
 [ 938.    0. 1100.  851.  359.    0. 1715. 1826. 2992.    0. 1318. 1293.
  1422. 1463.    0. 1147.  839.    0.  980.    0.]
 [1267.    0.  243. 1786.  550.  985.  635.    0. 3880.    0. 1310. 1902.
     0.    0. 1147.    0. 1774.  732.    0.    0.]
 [1051.    0. 1682.    6.    0.    0. 2307.  994. 2338.    0.    0. 1164.
  1005.  889.  839. 1774.    0. 1293.  831. 1177.]
 [ 860.    0.  800. 1305.   49. 1089. 1249.    0. 3429.    0.  891.    0.
     0.    0.    0.  732. 1293.    0.    0.    0.]
 [ 336.    0.    0.  843.  996. 1770. 2081. 1429.    0.    0.  889.  559.
   767.    0.  980.    0.  831.    0.    0.    0.]
 [ 869.    0.    0.    0.    0.    0.    0.    0.    0.    0.    0.    0.
     6.   66.    0.    0. 1177.    0.    0.    0.]]
EOF
