NAME:  DC_ce_l_wep_n20
COMMENT: Generated by Finucane, Fulcher, O'Sullivan, and Seth (2021)
TYPE:  GVRP
DIMENSION:  20
CAPACITY:  100
EDGE_TYPE:  DIRECTED
EDGE_WEIGHT_TYPE:  EXPLICIT
EDGE_WEIGHT_FORMAT:  SPARSE_MATRIX
NODE_COORD_TYPE:  TWOD_COORDS
NODE_COORD_SECTION
0 -6.3198 53.3394
1 -6.3153 53.3288
2 -6.3124 53.3251
3 -6.3098 53.3395
4 -6.2907 53.3595
5 -6.2847 53.3636
6 -6.2807 53.3631
7 -6.2746 53.341
8 -6.2676 53.3453
9 -6.266 53.3633
10 -6.2655 53.3536
11 -6.2601 53.3632
12 -6.2592 53.332
13 -6.2543 53.3618
14 -6.241 53.3307
15 -6.2381 53.3262
16 -6.2381 53.3614
17 -6.237 53.3534
18 -6.2269 53.3279
19 -6.2199 53.3345
DEPOT_SECTION:
0
-1
DEMAND_SECTION
0 0
1 1
2 1
3 2
4 2
5 1
6 1
7 2
8 1
9 1
10 1
11 1
12 2
13 1
14 1
15 2
16 3
17 2
18 1
19 1
EDGE_WEIGHT_SECTION
[[   0. 4160. 3352. 2429.  785. 2501. 4121. 4245. 3015. 1973. 4191. 4618.
  3630. 3770.  670. 4013. 3170. 4136.  748. 2808.]
 [1440.    0.  807.  620. 1224.  800. 1047.  130.  415.    0. 1360. 1184.
     0.  423. 1485. 1297.  853.  313.    0. 1065.]
 [1165.  488.    0.  578. 1022.  812. 1289.  602.  354. 1056. 1523. 1425.
   123.    0. 1108. 1456.  414.  683. 1173.  629.]
 [ 834.  620.  578.    0.  634.  224.  768.  664.  303.  439.  917.  904.
   538.  588.  867.  856.  668.  592.  756.  879.]
 [ 277. 1224. 1022.  634.    0.  642. 1206. 1254.  828.  465. 1226.    0.
  1041. 1090.  475. 1164.  959.    0.  161. 1113.]
 [ 857.  800.  812.  224.  642.    0.  673.  693.  493.  451.  756.  842.
   772.  821.  947.  697.    0.  623.  729.    0.]
 [1426. 1047. 1289.  768. 1206.  673.    0.  951.  971.  989.  576.  184.
  1250. 1298. 1511.  527.    0.  879. 1235.    0.]
 [1465.  130.  602.  664. 1254.  693.  951.    0.  446. 1097. 1285. 1088.
     0.  373. 1510. 1221.  880.  221.    0. 1090.]
 [1042.  415.  354.  303.  828.  493.  971.  446.    0.    0. 1213. 1107.
   314.  363. 1078. 1147.  558.  576.    0.  770.]
 [ 687.    0. 1056.  439.  465.  451.  989. 1097.    0.    0.  990.    0.
     0.    0.  767.  926.  998. 1026.  516. 1210.]
 [1442. 1360. 1523.  917. 1226.  756.  576. 1285. 1213.  990.    0.    0.
  1484. 1533. 1531.  249.    0. 1213. 1257.    0.]
 [1599. 1184. 1425.  904.    0.  842.  184. 1088. 1107.    0.    0.    0.
  1386. 1434.    0.    0.    0. 1016.    0.    0.]
 [1261.    0.  203.  538. 1041.  772. 1250.    0.  314.    0. 1484. 1386.
     0.  120. 1197. 1416.  519.    0.    0.  734.]
 [1311.  253.    0.  588. 1090.  821. 1298.  373.  363.    0. 1533. 1434.
   120.    0. 1246. 1466.    0.  525.    0.    0.]
 [ 236. 1485. 1108.  867.  475.  947. 1511. 1510. 1078.  767. 1531.    0.
  1197. 1246.    0. 1469.  880.    0.    0.  809.]
 [1379. 1297. 1456.  856. 1164.  697.  527. 1221. 1147.  926.  249.    0.
  1416. 1466. 1469.    0.    0. 1148. 1196.    0.]
 [1102.  853.  414.  668.  959.    0.    0.  880.  558.  998.    0.    0.
   519.    0.  880.    0.    0. 1014. 1110.  306.]
 [1424.  313.  683.  592.    0.  623.  879.  221.  576. 1026. 1213. 1016.
     0.  525.    0. 1148. 1014.    0. 1337. 1225.]
 [ 263.    0. 1173.  756.  161.  729. 1235.    0.    0.  516. 1257.    0.
     0.    0.    0. 1196. 1110. 1337.    0. 1261.]
 [ 957. 1065.  629.  879. 1113.    0.    0. 1090.  770. 1210.    0.    0.
   734.    0.  809.    0.  306. 1225. 1261.    0.]]
EOF
