NAME:  DC_ce_l_wep_n50
COMMENT: Generated by Finucane, Fulcher, O'Sullivan, and Seth (2021)DIMENSION:  50
CAPACITY:  100
EDGE_TYPE:  DIRECTED
EDGE_WEIGHT_TYPE:  EXPLICIT
EDGE_WEIGHT_FORMAT:  SPARSE_MATRIX
NODE_COORD_TYPE:  TWOD_COORDS
NODE_COORD_SECTION
0 -6.3121 53.3301
1 -6.3103 53.3344
2 -6.3048 53.3262
3 -6.3029 53.3396
4 -6.3 53.3348
5 -6.2953 53.3643
6 -6.2917 53.3429
7 -6.2907 53.3595
8 -6.2899 53.3433
9 -6.2895 53.3394
10 -6.289 53.3542
11 -6.289 53.3605
12 -6.2883 53.3287
13 -6.2811 53.3439
14 -6.2803 53.3406
15 -6.2795 53.3387
16 -6.2795 53.3633
17 -6.2758 53.3507
18 -6.2731 53.3568
19 -6.272 53.3359
20 -6.2716 53.3543
21 -6.2715 53.3469
22 -6.27 53.3303
23 -6.27 53.3462
24 -6.2692 53.3645
25 -6.2688 53.3578
26 -6.266 53.3286
27 -6.2654 53.3415
28 -6.2651 53.3257
29 -6.2642 53.3487
30 -6.2568 53.3263
31 -6.2562 53.3617
32 -6.2517 53.355
33 -6.2463 53.3275
34 -6.2421 53.3334
35 -6.242 53.3596
36 -6.2416 53.352
37 -6.2415 53.3411
38 -6.2402 53.3569
39 -6.2364 53.3503
40 -6.235 53.3565
41 -6.233 53.3639
42 -6.2317 53.35
43 -6.2266 53.3443
44 -6.2262 53.3416
45 -6.2256 53.3275
46 -6.2231 53.3269
47 -6.2225 53.3379
48 -6.2132 53.341
49 -6.213 53.3252
DEPOT_SECTION:
0
-1
DEMAND_SECTION
0 1
1 3
2 2
3 3
4 1
5 2
6 2
7 1
8 2
9 3
10 3
11 2
12 2
13 1
14 1
15 1
16 2
17 1
18 1
19 1
20 3
21 1
22 3
23 2
24 2
25 2
26 3
27 1
28 2
29 2
30 1
31 3
32 3
33 2
34 2
35 1
36 1
37 2
38 2
39 1
40 1
41 3
42 1
43 2
44 1
45 2
46 2
47 1
48 1
49 1
EDGE_WEIGHT_SECTION
[[   0. 2346. 2228.  994.  820. 1529.  965. 1016. 1753.  978. 1518. 1344.
  1801.  416. 1816. 1694. 1362. 1645. 1624. 1517. 1763.  673. 1364. 1139.
   320. 1061. 1306. 1475.  706.  735.  625. 1730. 2154. 1215.  997.  961.
   986. 1179. 1569. 1845. 1903.  954. 1887.  713. 1750. 1032.  789. 1264.
  1229. 1467.]
 [1797.    0.  315.    0.    0.  956.    0.    0.    0.    0.    0.    0.
   462.    0.    0.    0.  736.    0.    0.    0.    0.    0. 1057.    0.
     0.    0.    0.    0.    0.    0.    0.    0.    0.    0.    0.    0.
     0.    0.    0.    0.  544.    0.    0.    0.    0.    0.    0.    0.
     0. 1179.]
 [1709.  315.    0.    0.    0.  959.    0.    0.    0.    0.    0.    0.
   405.    0.    0.    0.  739.    0.    0.    0.    0.    0.    0.    0.
     0.    0.    0.    0.    0.    0.    0.    0.  168.    0.    0.    0.
     0.    0.    0.    0.  545.    0.    0.    0.    0.    0.    0.    0.
     0.    0.]
 [ 763.    0.    0.    0.    0.    0.    0.    0.    0.    0.  666.  233.
     0.    0.    0.  743.    0.    0.    0.  410.    0.    0.    0.    0.
     0.    0.    0.    0.    0.    0.    0.  507.    0.    0.    0.    0.
     0.    0.    0.    0.    0.   86.  628.    0.    0.    0.    0.    0.
     0.    0.]
 [ 628.    0.    0.    0.    0. 1044.  723.  143.  739.  221.  535.    0.
  1005.  494.  913.  669.    0.  635.  619.  474.  872.  607.  915.  564.
   438.  212.  742.    0.  775.  298.  549.  674. 1079.  319.  214.  492.
   402.  474.  722.  785.    0.  231.  753.  587.  717.  604.  315.  716.
   811.  995.]
 [1174.  956.  959.    0. 1044.    0.  585. 1061.    0.  934. 1416.    0.
   564. 1019.  894.    0.  373.    0.    0.    0.  855.  968.  293.  755.
  1147.    0.    0.    0.  844.  941.  807.    0.  934. 1086. 1100.  892.
   842.  832.  628.    0.  666.    0.    0.  808. 1319.  771. 1144.  664.
   413.  468.]
 [ 743.    0.    0.    0.  723.  585.    0.  824.    0.  632. 1157.    0.
   830.  578.  843.    0.    0.    0.    0.    0.  804.  500.  518.  573.
   644.    0.  453. 1089.  299.  546.  325.    0.    0.  829.  812.  495.
   505.  658.  659.    0.    0.    0.    0.  387.    0.  326.  642.  377.
   315.  533.]
 [ 778.    0.    0.    0.  246. 1061.  824.    0.  594.  418.  382.  473.
     0.    0.  912.  536.    0.  444.  431.  450.  870.    0.  934.  591.
     0.  283.  776.  524.  872.  399.  648.  806.  898.  210.  218.  873.
   587.  353.  638.  637.  885.    0.  616.  747.  876.  684.    0.  745.
   889. 1039.]
 [1343.    0.    0.    0.  739.    0.    0.  594.    0.  690.  730. 1094.
     0.    0.  410.  977.    0.  464.  449.  921.  365.    0.    0.  669.
  1146.    0.    0.  554. 1088.  797.  864. 1049.  384.  667.  697.  956.
   699.  474.  422.  333.  350.    0. 1121.  870.  465.    0. 1024.    0.
     0.    0.]
 [ 750.    0.    0.    0.  221.  934.  632.  238.  690.    0.  675.    0.
   901.  615.  835.    0.    0.  625.  608.    0.  795.  656.  806.  407.
   559.    0.  635.  539.  710.  255.  481.    0.  989.  296.  331.  480.
   268.  254.  678.    0.    0.    0.    0.  381.  706.  571.  435.  607.
   722.  912.]
 [1163.    0.    0.  666.  535. 1416. 1157.  382.  730.  675.    0.  488.
     0.    0. 1056.  325.    0.  432.  419.  320. 1014.    0. 1288.  793.
     0.  446. 1184.  371. 1328.    0. 1043.  458. 1043.  457.    0. 1039.
   756.  604.  964.  720. 1022.    0.  536.  945.  544. 1110.    0. 1168.
  1243. 1394.]
 [1033.    0.    0.  388.    0.    0.    0.  473. 1094.    0.  488.    0.
     0.    0.    0.  559.    0.  793.  777.  348.    0.    0.    0.    0.
     0.  339.    0.  692.    0.    0.    0.  572. 1411.    0.  509.    0.
     0.    0.    0. 1082. 1384.    0.  750.    0.  901.    0.    0.    0.
     0.    0.]
 [1376.  462.  405.    0. 1005.  564.  830.    0.    0.  901.    0.    0.
     0. 1228.    0.    0.  346.    0.    0.    0.  209. 1156.  666.  769.
  1338.    0.    0.    0. 1017.  995.  951.    0.  642.    0.    0. 1047.
   898.    0.    0.    0.  277.    0.    0.  959.    0.  714. 1230.  476.
   738.  789.]
 [ 194.    0.    0.    0.  494. 1019.  578.    0.    0.  615.    0.    0.
  1228.    0. 1238.    0.    0. 1125. 1109.    0. 1198.  189.  892.  743.
   141.    0.  848.  995.  388.  429.  328. 1104.    0.  796.    0.  342.
   558.  770. 1048. 1281.    0.  595. 1225.  394. 1206.  638.  279.  815.
   789.  971.]
 [1392.    0.    0.    0.  913.  894.  843.  912.  410.  835. 1056.    0.
     0. 1238.    0. 1303.    0.  788.  774. 1246.  114. 1179.  768.  716.
  1295.    0.  475.  811. 1035. 1004.  910. 1374.    0.  926.  940. 1002.
   901.  692.  304.    0.    0.    0. 1447.  985.  737.  722. 1171.  464.
   755.  872.]
 [1298.    0.    0.  743.  669.    0.    0.  536.  977.    0.  325.  559.
     0.    0. 1303.    0.    0.  679.  665.  372. 1261.    0.    0.    0.
     0.  608.    0.  629.    0.    0.    0.  351. 1290.  722.    0.    0.
     0.    0. 1207.  967. 1269.    0.  305.    0.  790.    0.    0.    0.
     0.    0.]
 [1042.  736.  739.    0.    0.  373.    0.    0.    0.    0.    0.    0.
   346.    0.    0.    0.    0.    0.    0.    0.    0.    0.  480.    0.
     0.    0.   77.    0.    0.    0.    0.    0.  712.    0.    0.    0.
     0.    0.    0.    0.  453.    0.    0.    0.    0.    0.    0.    0.
     0.  883.]
 [1260.    0.    0.    0.  635.    0.    0.  444.  464.  625.  432.  793.
     0. 1125.  788.  679.    0.    0.   54.  621.  747.    0.    0.    0.
  1070.  608.    0.  248.    0.    0.    0.  749.  782.  413.    0.    0.
     0.  360.  626.  493.  755.    0.  823.    0.  285.    0.  947.    0.
     0.    0.]
 [1243.    0.    0.    0.  619.    0.    0.  431.  449.  608.  419.  777.
     0. 1109.  774.  665.    0.  168.    0.  606.  733.    0.    0.    0.
  1053.  594.    0.  231.    0.    0.    0.  735.  765.  396.    0.    0.
     0.  344.  609.  470.  741.    0.  809.    0.  400.    0.  930.    0.
     0.    0.]
 [1168.    0.    0.  410.  474.    0.    0.  450.  921.    0.  320.  212.
     0.    0. 1246.  372.    0.  621.  606.    0. 1205.    0.    0.    0.
     0.  316.    0.  515.    0.    0.    0.  250. 1236.    0.  486.    0.
     0.    0. 1164.  910. 1212.    0.  332.    0.  731.    0.    0.    0.
     0.    0.]
 [1352.    0.    0.    0.  872.  855.  804.  870.  365.  795. 1014.    0.
   209. 1198.  114. 1261.    0.  747.  733. 1205.    0. 1141.  728.  675.
  1255.    0.  433.  770.  996.  902.  871. 1333.    0.  886.  898.  962.
   801.  650.  356.    0.  167.    0. 1406.  941.  696.  682. 1131.  423.
   716.  833.]
 [ 302.    0.    0.    0.  607.  968.  500.    0.    0.  656.    0.    0.
  1156.  189. 1179.    0.    0.    0.    0.    0. 1141.    0.  839.    0.
   251.    0.  785. 1052.  223.  474.  230.    0.    0.  854.    0.  284.
   579.    0.  999.    0.    0.  712.    0.  332.    0.  582.  344.  758.
   735.  919.]
 [1047. 1057.    0.    0.  915.  178.  518.  934.    0.  806. 1288.    0.
   666.  892.  768.    0.  480.    0.    0.    0.  728.  839.    0.  626.
  1019.    0.  334.    0.  702.  812.  678.    0.    0.  958.  972.  764.
   714.  704.  514.    0.  766.    0.    0.  679. 1189.  403. 1017.  309.
   330.  448.]
 [ 876.    0.    0.    0.  338.  755.  573.  336.  669.  242.  793.    0.
   769.  743.  716.    0.    0.    0.    0.    0.  675.    0.  626.    0.
   659.    0.  498.  630.  695.  292.  427.    0.  979.  409.  453.    0.
   187.  270.  562.  776.    0.    0.    0.  334.    0.  401.  518.  507.
   615.  733.]
 [ 247.    0.    0.    0.  438. 1147.  644.    0. 1146.  559.    0.    0.
  1338.  232. 1295.    0.    0. 1070. 1053.    0. 1255.  430. 1019.  659.
     0.    0.  967.  940.  511.  373.  447. 1050. 1448.  741.    0.  416.
   502.  714. 1106. 1223.    0.  542. 1171.  466. 1150.  762.  250.  939.
   915. 1099.]
 [ 811.    0.    0.    0.  212.    0.    0.  164.    0.    0.  446.  339.
     0.    0.    0.  608.    0.  608.  594.  316.    0.    0.    0.    0.
     0.    0.    0.  561.    0.    0.    0.  512.    0.    0.  228.    0.
     0.    0.    0.    0.    0.    0.  588.    0.    0.    0.    0.    0.
     0.    0.]
 [1000.    0.    0.    0.  742.    0.  453.  776.    0.  635. 1184.    0.
     0.  848.  475.    0.   41.    0.    0.    0.  433.  785.  334.  498.
   967.    0.    0.    0.  645.  716.  621.    0.    0.  789.  803.  679.
   691.  544.  412.    0.    0.    0.    0.  646.    0.  332.  967.  200.
   322.  425.]
 [1130.    0.    0.    0.    0.    0. 1089.  309.  554.  539.  371.  692.
     0.  995.  811.  629.    0.  248.  231.  515.  770. 1052.    0.  630.
   940.  561.    0.    0. 1102.  689.  897.  642.  802.  326.    0.  926.
   634.  365.  695.  547.  778.    0.  713.  805.  340.  950.  817.    0.
     0.    0.]
 [ 541.    0.    0.    0.  775.  844.  299.  872. 1088.  710. 1328.    0.
  1017.  388. 1035.    0.    0.    0.    0.    0.  996.  371.  702.  695.
   511.    0.  645. 1102.    0.  527.  328.    0. 1407.  905.  862.  490.
   626.  780.  851. 1255.    0.    0.    0.  558.    0.  513.  508.  546.
   602.  792.]
 [ 563.    0.    0.    0.  298.  941.  546.  399.  797.  255.    0.    0.
   995.  429. 1004.    0.    0.    0.    0.    0.  902.  474.  812.  292.
   373.    0.  716.  689.  527.    0.  284.    0. 1095.  440.  386.  359.
   250.  390.  800.    0.    0.  385.    0.  266.    0.  498.  249.  682.
   707.  892.]
 [ 479.    0.    0.    0.  549.  807.  325.  648.  864.  481. 1043.    0.
   951.  328.  910.    0.    0.    0.    0.    0.  871.  389.  678.  427.
   447.    0.  621.  897.  328.  284.    0.    0. 1179.  654.  637.  339.
   513.  522.  725.  970.    0.    0.    0.  228.    0.  363.  446.  595.
   574.  759.]
 [1332.    0.    0.  507.  674.    0.    0.  468. 1049.    0.  458.  341.
     0. 1104. 1374.  351.    0.  749.  735.  250. 1333.    0.    0.    0.
  1050.  512.    0.  642.    0.    0.    0.    0. 1363.    0.  686.    0.
     0.    0. 1286. 1038. 1340.    0.  221.    0.  860.    0.  926.    0.
     0.    0.]
 [1652.    0.   22.    0. 1079.  934.    0.  898.  384.  989. 1043. 1411.
   375.    0.    0. 1290.  712.  782.  765. 1236.    0.    0.    0.  979.
  1448.    0.    0.  802. 1407. 1095. 1179. 1363.    0.  988. 1006. 1266.
   994.  787.  550.  488.  338.    0. 1434. 1182.  771.    0. 1325.    0.
     0.    0.]
 [ 931.    0.    0.    0.  319. 1086.  829.  118.  667.  296.  457.    0.
     0.  796.  926.  722.    0.  413.  396.    0.  886.  854.  958.  409.
   741.    0.  789.  326.  905.  440.  654.    0.  988.    0.    0.  686.
   396.  242.  785.  680.  955.    0.    0.  590.  550.  705.  617.  762.
   913. 1064.]
 [ 764.    0.    0.    0.  126. 1100.  812.   70.  697.  331.    0.  509.
     0.    0.  940.    0.    0.    0.    0.  486.  898.    0.  972.  453.
     0.  228.  803.    0.  862.  386.  637.  686. 1006.    0.    0.  581.
   378.  332.  747.  742.    0.    0.  767.  491.    0.  697.    0.  836.
   904. 1078.]
 [ 426.    0.    0.    0.  492.  892.  495.  511.  956.  480. 1039.    0.
  1047.  342. 1002.    0.    0.    0.    0.    0.  962.  284.  764.    0.
   416.    0.  679.  926.  295.  212.  199.    0. 1266.  686.  581.    0.
   398.    0.  813.    0.    0.    0.    0.  128.    0.  454.  414.  728.
   660.  844.]
 [ 759.    0.    0.    0.  242.  842.  505.  348.  699.  161.  756.    0.
   898.  558.  901.    0.    0.    0.    0.    0.  801.  579.  714.  187.
   502.    0.  691.  634.  626.  151.  310.    0.  994.  396.  378.  398.
     0.  285.  695.    0.    0.    0.    0.  270.    0.  402.  379.  658.
   609.  794.]
 [ 903.    0.    0.    0.  282.  832.  658.  199.  474.  254.  604.    0.
     0.  770.  692.    0.    0.  360.  344.    0.  650.    0.  704.  270.
   714.    0.  544.  365.  780.  390.  522.    0.  787.  242.  332.    0.
   285.    0.  530.  520.    0.    0.    0.  431.  443.  516.  590.  513.
   691.  809.]
 [1204.    0.    0.    0.  722.  628.  659.  638.  255.  678.  964.    0.
     0. 1048.  304. 1207.    0.  626.  609. 1164.  204.  999.  514.  562.
  1106.    0.  235.  695.  851.  800.  725. 1286.  550.  785.  747.  813.
   695.  530.    0.  509.  333.    0. 1349.  787.  628.  536.  981.  267.
   503.  608.]
 [1412.    0.    0.    0.  785.    0.    0.  637.  201.    0.  720. 1082.
     0. 1281.    0.  967.    0.  493.  470.  910.    0.    0.    0.  776.
  1223.    0.    0.  547. 1255.    0.  970. 1038.  488.  680.  742.    0.
     0.  520.  509.    0.    0.    0. 1112.    0.  397.  960. 1100.    0.
     0.    0.]
 [1458.  320.  321.    0.    0.  666.    0.  885.  350.    0. 1022. 1384.
    76.    0.    0. 1269.  453.  755.  741. 1212.   92.    0.  766.    0.
     0.    0.    0.  778.    0.    0.    0. 1340.  338.  955.    0.    0.
     0.    0.  333.    0.    0.    0. 1413.    0.  704.    0.    0.    0.
     0.    0.]
 [ 732.    0.    0.   11.  139.    0.    0.    0.    0.    0.    0.    0.
     0.  595.    0.    0.    0.    0.    0.    0.    0.  712.    0.    0.
   542.    0.    0.    0.    0.  385.    0.    0.    0.    0.    0.    0.
     0.    0.    0.    0.    0.    0.    0.    0.    0.    0.  418.    0.
     0.    0.]
 [1452.    0.    0.  628.  753.    0.    0.  616. 1121.    0.  536.  445.
     0. 1225. 1447.  171.    0.  823.  809.  332. 1406.    0.    0.    0.
  1171.  588.    0.  713.    0.    0.    0.  221. 1434.    0.  767.    0.
     0.    0. 1349. 1112. 1413.    0.    0.    0.  934.    0. 1047.    0.
     0.    0.]
 [ 546.    0.    0.    0.  347.  808.  387.  435.  870.  381.  945.    0.
   959.  394.  985.    0.    0.    0.    0.    0.  941.  332.  679.  334.
   466.    0.  646.  805.  331.  161.  138.    0. 1182.  590.  491.  128.
   270.  431.  787.    0.    0.    0.    0.    0.    0.  367.    0.  613.
   575.  759.]
 [1340.    0.    0.    0.  717. 1319.    0.  514.  465.  706.  544.  901.
     0. 1206.  737.  790.    0.  285.  227.  731.  696.    0. 1189.    0.
  1150.    0.    0.  340.    0.    0.    0.  860.  771.  550.    0.    0.
     0.  443.  628.  397.  704.    0.  934.    0.    0.    0. 1027.    0.
  1178. 1296.]
 [ 792.    0.    0.    0.  604.  469.  326.  684.    0.  571. 1110.    0.
   714.  638.  722.    0.    0.    0.    0.    0.  682.  582.  403.  401.
   762.    0.  332.  950.  513.  498.  363.    0.    0.  705.  697.  454.
   402.  516.  536.  960.    0.    0.    0.  367.    0.    0.  733.  333.
   279.  464.]
 [ 368.    0.    0.    0.  315. 1144.  642.    0. 1024.  435.    0.    0.
  1230.  279. 1171.    0.    0.  947.  930.    0. 1131.  344. 1017.  518.
   147.    0.  967.  817.  508.  249.  446.  926. 1325.  617.    0.  414.
   379.  590.  981. 1100.    0.  418. 1047.    0. 1027.  733.    0.  937.
   913. 1096.]
 [ 969.    0.    0.    0.  716.  392.  377.  745.    0.  607. 1168.    0.
   476.  815.  464.    0.    0.    0.    0.    0.  423.  758.  309.  507.
   939.    0.   55.    0.  546.  682.  595.    0.    0.  762.  836.  728.
   658.  513.  267.    0.    0.    0.    0.  613.    0.  333.  937.    0.
   299.  403.]
 [ 943.    0.    0.    0.  811.  252.  315.  889.    0.  722. 1243.    0.
   738.  789.  755.    0.    0.    0.    0.    0.  716.  735.  202.  615.
   915.    0.  322.    0.  602.  707.  574.    0.    0.  913.  904.  660.
   609.  691.  503.    0.    0.    0.    0.  575. 1178.  279.  913.  299.
     0.  256.]
 [1126. 1179.    0.    0.  995.  281.  533. 1039.    0.  912. 1394.    0.
   789.  971.  872.    0.  528.    0.    0.    0.  833.  919.  269.  733.
  1099.    0.  425.    0.  792.  892.  759.    0.    0. 1064. 1078.  844.
   794.  809.  608.    0.    0.    0.    0.  759. 1296.  464. 1096.  403.
   256.    0.]]
EOF
