NAME:  DC_co_l_wep_n50
COMMENT: Generated by Finucane, Fulcher, O'Sullivan, and Seth (2021)
TYPE:  GVRP
DIMENSION:  50
CAPACITY:  100
EDGE_TYPE:  DIRECTED
EDGE_WEIGHT_TYPE:  EXPLICIT
EDGE_WEIGHT_FORMAT:  SPARSE_MATRIX
NODE_COORD_TYPE:  TWOD_COORDS
NODE_COORD_SECTION
0 -6.3164 53.3338
1 -6.3077 53.3394
2 -6.3058 53.3273
3 -6.3049 53.36
4 -6.3047 53.3613
5 -6.3039 53.339
6 -6.3028 53.3284
7 -6.3028 53.3353
8 -6.3027 53.329
9 -6.3027 53.3592
10 -6.299 53.3365
11 -6.298 53.341
12 -6.297 53.358
13 -6.2962 53.3543
14 -6.2953 53.3643
15 -6.2934 53.3614
16 -6.2926 53.3487
17 -6.2883 53.3304
18 -6.2858 53.332
19 -6.2841 53.3627
20 -6.2803 53.3419
21 -6.2791 53.3428
22 -6.2751 53.3608
23 -6.2714 53.3603
24 -6.2701 53.3312
25 -6.2698 53.3592
26 -6.2686 53.334
27 -6.2679 53.3568
28 -6.2669 53.3542
29 -6.2668 53.3569
30 -6.264 53.3262
31 -6.2585 53.3453
32 -6.2579 53.3556
33 -6.2571 53.3575
34 -6.2533 53.3326
35 -6.2494 53.3537
36 -6.2493 53.3441
37 -6.2482 53.3533
38 -6.2432 53.361
39 -6.2424 53.3602
40 -6.2419 53.3639
41 -6.2408 53.3442
42 -6.2392 53.3358
43 -6.2391 53.3387
44 -6.2389 53.3258
45 -6.2338 53.3396
46 -6.2322 53.3347
47 -6.2244 53.3378
48 -6.2205 53.363
49 -6.2153 53.3354
DEPOT_SECTION:
0
-1
DEMAND_SECTION
0 0
1 2
2 1
3 1
4 3
5 3
6 3
7 1
8 1
9 1
10 3
11 2
12 1
13 2
14 1
15 1
16 1
17 1
18 1
19 2
20 1
21 1
22 1
23 1
24 1
25 3
26 3
27 1
28 1
29 2
30 2
31 1
32 2
33 3
34 1
35 1
36 3
37 2
38 1
39 3
40 1
41 2
42 1
43 2
44 2
45 1
46 1
47 1
48 2
49 3
EDGE_WEIGHT_SECTION
[[   0.  845.  681.  640.  526. 1488.   61. 1241.  524.  865.  998. 1209.
   739.  900.  810. 1378.  935. 1281.  443.  791. 1035.  939. 1106. 1196.
   866.  608. 1315. 1062.  812.  994.  922.  887.  589.  918. 1064. 1175.
   865.  545.  841.  888. 1027.  679.  766. 1030.  885. 1803.  573.  789.
  1038.  985.]
 [ 587.    0.    0.  840.    0. 1358.    0.    0.    0.    0.    0. 1127.
     0.    0.    0.    0.    0.    0.  636.  164.    0.    0.    0.    0.
     0.  163.    0.    0.    0.    0.    0.    0.  557.    0. 1022.  292.
   216.    0.    0.    0.    0.  277.    0.  987.    0.    0.  341.  672.
     0. 1016.]
 [ 472.    0.    0.  605.  735.    0.  431.    0.  270.  128.  330.    0.
   865.    0.   86.    0. 1047.  510.  604.  919.  749.  516.  798.  451.
     0.  778.    0.  768.  595.    0.  190.  647.    0.    0.  888.    0.
  1002.  463.  188.    0.    0.  892.  390.  639.    0.    0.  817.  755.
     0.    0.]
 [ 438.  840.  605.    0.    0.  639.  428.    0.  340.  687.  706.  457.
     0.    0.  661.    0.  891.    0.  276.    0. 1097.  430. 1145.    0.
     0.    0.    0. 1116.  946.  640.    0.  997.  306.    0.  306. 1042.
   844.  769.  719.  998.    0.  600.  396.  272.    0.    0.  527.  308.
     0.  300.]
 [ 365.    0.  735.    0.    0.    0.  324.    0.    0.    0.  953.    0.
   305.  756.  775.    0.    0. 1149.    0.  276.  873.    0.  923. 1090.
   753.  310.    0.  892.  718.  951.    0.  771.    0.    0.    0.    0.
     0.  479.  844.  771.    0.    0.    0.    0.    0.    0.    0.    0.
     0.    0.]
 [1022. 1358.    0.  639.    0.    0.    0.    0.    0.    0.    0.  301.
     0.    0.    0.    0. 1415.  861.    0.    0.    0.  426.    0.  851.
     0.    0.  126.    0.    0.    0.    0.    0.  882.    0.  539. 1568.
  1364.    0.    0.    0.    0. 1122.  558.    0.    0.  943.    0.  908.
     0.    0.]
 [  42.    0.  431.  428.  324.    0.    0.    0.  322.    0.  650.    0.
   497.  582.  521.    0.  629.  845.  294.  508.  675.    0.  724.  786.
   556.  406.    0.  694.  520.  647.    0.  573.    0.    0.    0.    0.
   581.  336.  540.  572.    0.  459.    0.  669.    0.    0.  385.    0.
     0.  639.]
 [ 858.    0.    0.    0.    0.    0.    0.    0.    0.    0.    0.  151.
     0.    0.    0.    0.    0.    0.    0.    0.    0.  185.    0.    0.
     0.    0.  188.    0.    0.    0.    0.    0.    0.    0.    0.    0.
     0.    0.    0.    0.    0.    0.  351.  155.    0.    0.    0.    0.
     0.  133.]
 [ 361.    0.  270.  340.    0.    0.  322.    0.    0.  354.  316.    0.
   765.    0.  327.    0.  848.    0.  348.    0.  917.  308.  966.    0.
     0.  680.    0.  936.  764.  314.    0.  816.  442.    0.  622.    0.
   797.  584.  325.    0.    0.  675.  168.  374.    0.    0.  604.  519.
     0.    0.]
 [ 599.    0.  128.  687.    0.    0.    0.    0.  354.    0.  402.    0.
     0.    0.  130.    0.    0.  563.    0.    0.    0.  602.    0.  503.
     0.    0.    0.    0.    0.    0.  236.    0.    0.  202.  972.    0.
     0.    0.  227.    0.    0.    0.  475.  720.    0.    0.    0.    0.
     0.    0.]
 [ 691.    0.  330.  706.  953.    0.  650.    0.  316.  402.    0.    0.
  1089.    0.  373.    0. 1167.  317.    0. 1137.    0.  347.    0.  256.
     0. 1002.    0.    0.    0.   57.  205.    0.    0.  441.  852.    0.
  1117.  732.  178.    0.    0. 1004.  298.  624.    0.  651.  931.    0.
     0.  557.]
 [ 833. 1127.    0.  457.    0.  301.    0.  151.    0.    0.    0.    0.
     0.    0.    0.    0. 1183.    0.    0.    0.    0.    0.    0.    0.
     0.    0.  198.    0.    0.    0.    0.    0.  726.    0.  277. 1335.
  1133.    0.    0.    0.    0.  889.    0.  143.    0.    0.    0.  679.
     0.  140.]
 [ 513.    0.  865.    0.  305.    0.  497.    0.  765.    0. 1089.    0.
     0.  970.  952.    0.    0. 1284.  699.   63.    0.    0.    0. 1226.
     0.  147.    0.    0.    0. 1087.    0.    0.    0.    0.    0.    0.
     0.    0.  981.    0.    0.    0.    0.    0.    0.    0.    0.    0.
     0. 1081.]
 [ 623.    0.    0.    0.  756.    0.  582.    0.    0.    0.    0.    0.
   970.    0.    0.    0. 1132.  653.  843.  941.  505.    0.  554.  862.
   163.  865.    0.  524.  353.  826.  331.  404.    0.  179.    0.    0.
  1085.  561.  331.  231.    0. 1015.    0.    0.    0.    0.  942.    0.
   276.    0.]
 [ 562.    0.   86.  661.  775.    0.  521.    0.  327.  130.  373.    0.
   952.    0.    0.    0. 1135.  573.  688.  959.    0.  575.    0.  513.
     0.  865.    0.    0.    0.    0.  229.    0.    0.   74.  945.    0.
  1090.  580.  216.    0.    0.  976.  448.  694.    0.    0.  901.  841.
   166.    0.]
 [ 953.    0.    0.    0.    0.    0.    0.    0.    0.    0.    0.    0.
     0.    0.    0.    0.    0.    0.    0.    0.    0.    0.    0.  135.
     0.    0.    0.    0.    0.    0.    0.    0.    0.    0.    0.    0.
     0.    0.    0.    0.    0.    0.    0.    0.    0.  465.    0.    0.
     0.    0.]
 [ 644.    0. 1047.  891.    0. 1415.  629.    0.  848.    0. 1167. 1183.
     0. 1132. 1135.    0.    0. 1467.  686.    0.    0.    0.    0. 1408.
  1129.  339.    0.    0.    0. 1165.    0.    0.  680.    0. 1078.  337.
    58.    0. 1163. 1144.    0.  358.    0. 1044.    0.    0.  391.  728.
     0. 1072.]
 [ 886.    0.  510.    0. 1149.  861.  845.    0.    0.  563.  317.    0.
  1284.  653.  573.    0. 1467.    0.  963. 1333.    0.  460.    0.  102.
     0. 1197.    0.    0.    0.  263.  337.    0.    0.  587.    0.    0.
  1420.  950.  353.    0.    0. 1254.    0.    0.    0.  464. 1181.    0.
     0.    0.]
 [ 305.  636.  604.  276.    0.    0.  294.    0.  348.    0.    0.    0.
   699.  843.  688.    0.  686.  963.    0.    0.  947.  671.  996.  903.
   831.    0.    0.  966.  793.    0.  742.  846.  101.    0.    0.  837.
   639.  615.  707.  845.    0.  395.  490.    0.    0.    0.  322.  279.
     0.  593.]
 [ 549.  164.  919.    0.  276.    0.  508.    0.    0.    0. 1137.    0.
    63.  941.  959.    0.    0. 1333.    0.    0.  939.    0.  989. 1274.
   927.    0.    0.  958.  739. 1135.    0.  837.    0.    0.    0.  313.
   286.  516. 1027.  952.    0.    0.    0.    0.    0.    0.    0.    0.
     0.    0.]
 [ 716.    0.  749. 1097.  873.    0.  675.    0.  917.    0.    0.    0.
     0.  505.    0.    0.    0.    0.  947.  939.    0. 1189.  111.    0.
   497.  977.    0.   73.  297.    0.    0.  187.    0.    0.    0.    0.
     0.  802.    0.  443.  476. 1111. 1063. 1258.    0.    0. 1002.    0.
     0. 1227.]
 [ 649.    0.  516.  430.    0.  426.    0.  185.  308.  602.  347.    0.
     0.    0.  575.    0.    0.  460.  671.    0. 1189.    0. 1238.  501.
     0.    0.    0. 1208. 1036.  318.  480. 1088.    0.    0.    0.    0.
     0.  854.  457.    0.    0.    0.  170.    0.    0.  847.    0.    0.
     0.  133.]
 [ 765.    0.  798. 1145.  923.    0.  724.    0.  966.    0.    0.    0.
     0.  554.    0.    0.    0.    0.  996.  989.  111. 1238.    0.    0.
   509. 1026.    0.   80.  333.    0.    0.  239.    0.    0.    0.    0.
     0.  874.    0.  495.  529. 1161. 1112. 1306.    0.    0. 1051.    0.
     0. 1275.]
 [ 827.    0.  451.    0. 1090.  851.  786.    0.    0.  503.  256.    0.
  1226.  515.  513.  135. 1408.  102.  903. 1274.    0.  501.    0.    0.
     0. 1139.    0.    0.    0.  277.  211.    0.    0.  527.    0.    0.
  1361.  892.  255.    0.    0. 1195.    0.    0.    0.  422. 1122.    0.
     0.    0.]
 [ 596.    0.    0.    0.  753.    0.  556.    0.    0.    0.    0.    0.
     0.  163.    0.    0. 1129.    0.  831.  927.  497.    0.  509.    0.
     0.  862.    0.  479.  335.    0.    0.  358.    0.    0.    0.    0.
  1081.  544.    0.  162.    0.  992.    0.    0.    0.    0.  885.    0.
     0.    0.]
 [ 422.  163.  778.    0.  310.    0.  406.    0.  680.    0. 1002.    0.
   147.  865.  865.    0.  339. 1197.    0.    0.  977.    0. 1026. 1139.
   862.    0.    0.  996.  919. 1000.    0.  876.    0.    0.    0.  392.
   249.  666.  895.  876.    0.  283.    0.    0.    0.    0.  290.  673.
     0.    0.]
 [ 905.    0.    0.    0.    0.  126.    0.  188.    0.    0.    0.  198.
     0.    0.    0.    0.    0.    0.    0.    0.    0.    0.    0.    0.
     0.    0.    0.    0.    0.    0.    0.    0.    0.    0.  509.    0.
     0.    0.    0.    0.    0.    0.    0.  202.    0.  931.    0.    0.
     0.  227.]
 [ 734.    0.  768. 1116.  892.    0.  694.    0.  936.    0.    0.    0.
     0.  524.    0.    0.    0.    0.  966.  958.   73. 1208.   80.    0.
   479.  996.    0.    0.  301.    0.    0.  206.    0.    0.    0.    0.
     0.  828.    0.  462.  496. 1130. 1081. 1277.    0.    0. 1021.    0.
     0. 1245.]
 [ 561.    0.  595.  946.  718.    0.  520.    0.  764.    0.    0.    0.
     0.  353.    0.    0.    0.    0.  793.  739.  297. 1036.  333.    0.
   335.  919.    0.  301.    0.    0.    0.  181.    0.    0.    0.    0.
     0.  514.    0.  325.  416.  957.  909. 1106.    0.    0.  848.    0.
     0. 1075.]
 [ 688.    0.    0.  640.  951.    0.  647.    0.  314.    0.   57.    0.
  1087.  493.    0.    0. 1165.  263.    0. 1135.    0.  318.    0.  277.
     0. 1000.    0.    0.    0.    0.  218.    0.    0.    0.  850.    0.
  1115.  807.    0.    0.    0. 1001.  295.  622.    0.  623.  929.    0.
     0.    0.]
 [ 637.    0.  190.    0.    0.    0.    0.    0.    0.  236.  343.    0.
     0.  331.  229.    0.    0.  337.  742.    0.    0.  480.    0.  364.
     0.    0.    0.    0.    0.  368.    0.    0.    0.  260.    0.    0.
     0.    0.   56.    0.    0. 1044.    0.    0.    0.    0.  969.  847.
     0.    0.]
 [ 613.    0.  647.  997.  771.    0.  573.    0.  816.    0.    0.    0.
     0.  404.    0.    0.    0.    0.  846.  837.  187. 1088.  239.    0.
   358.  876.    0.  206.  181.    0.    0.    0.    0.    0.    0.    0.
     0.  654.    0.  336.  369. 1009.  961. 1158.    0.    0.  900.    0.
     0. 1127.]
 [ 406.  557.    0.  306.    0.  882.    0.    0.  442.    0.    0.  726.
     0.    0.    0.    0.  680.    0.  101.    0.    0.    0.    0.    0.
     0.    0.    0.    0.    0.    0.    0.    0.    0.    0.  612.  764.
   562.    0.    0.    0.    0.  318.  557.  511.    0.    0.  282.  255.
     0.  540.]
 [ 637.    0.    0.    0.    0.    0.    0.    0.    0.  202.  441.    0.
     0.  108.   74.    0.    0.  587.    0.    0.    0.    0.    0.  527.
     0.    0.    0.    0.    0.    0.  260.    0.    0.    0.    0.    0.
     0.    0.  247.    0.    0.    0.    0.    0.    0.    0.    0.    0.
   142.    0.]
 [ 730. 1022.  888.  306.    0.  539.    0.    0.  622.  972.  852.  277.
     0.    0.  945.    0. 1078.    0.    0.    0.    0.    0.    0.    0.
     0.    0.  509.    0.    0.  850.    0.    0.  612.    0.    0. 1231.
  1028.    0.  928.    0.    0.  785.  564.  358.    0.    0.    0.  603.
     0.  432.]
 [ 814.  292.    0. 1042.    0. 1568.    0.    0.    0.    0.    0. 1335.
     0.    0.    0.    0.  337.    0.  837.  313.    0.    0.    0.    0.
     0.  392.    0.    0.    0.    0.    0.    0.  764.    0. 1231.    0.
   351.    0.    0.    0.    0.  526.    0. 1197.    0.    0.  543.  882.
     0. 1225.]
 [ 597.  364. 1002.  844.    0. 1364.  581.    0.  797.    0. 1117. 1133.
     0. 1085. 1090.    0.   58. 1420.  639.  286.    0.    0.    0. 1361.
  1081.  416.    0.    0.    0. 1115.    0.    0.  562.    0. 1028.  351.
     0.    0. 1116. 1097.    0.  281.    0.  993.   17.    0.  344.  678.
     0. 1022.]
 [ 377.    0.  463.  769.  479.    0.  336.    0.  584.    0.  732.    0.
     0.  561.  580.    0.    0.  950.  615.  516.  483.  854.  526.  892.
   544.  666.    0.  499.  310.  807.    0.  394.    0.    0.    0.    0.
     0.    0.    0.  569.    0.  773.  728.  928.    0.    0.  737.    0.
     0.  896.]
 [ 581.    0.  188.  719.  844.    0.  540.    0.  325.  227.  294.    0.
   981.  331.  216.    0. 1163.  353.  707. 1027.    0.  457.    0.  429.
     0.  895.    0.    0.    0.    0.   56.    0.    0.  247.  928.    0.
  1116.    0.    0.    0.    0.  948.  374.  700.    0.    0.  876.    0.
     0.  633.]
 [ 613.    0.    0.  998.  771.    0.  572.    0.    0.    0.    0.    0.
     0.  231.    0.    0. 1144.    0.  845.  952.  443.    0.  495.    0.
   162.  876.    0.  462.  325.    0.    0.  336.    0.    0.    0.    0.
  1097.  569.    0.    0.  104. 1009.    0.    0.    0.    0.  899.    0.
     0.    0.]
 [ 709.    0.    0.    0.    0.    0.    0.    0.    0.    0.    0.    0.
     0.    0.    0.    0.    0.    0.    0.    0.  476.    0.  529.    0.
     0.    0.    0.  496.  416.    0.    0.  369.    0.    0.    0.    0.
     0.    0.    0.  104.    0.    0.    0.    0.    0.    0.    0.    0.
     0.    0.]
 [ 469.  277.  892.  600.    0. 1122.  459.    0.  675.    0. 1004.  889.
     0. 1015.  976.    0.  358. 1254.  395.    0. 1111.    0. 1161. 1195.
   992.  283.    0. 1130.  957. 1001. 1044. 1009.  318.    0.  785.  526.
   281.  773.  948. 1009.    0.    0.  853.  751.    0.    0.  149.  436.
     0.  779.]
 [ 529.    0.  390.  396.    0.  558.    0.  351.  168.  475.  298.    0.
     0.    0.  448.    0.    0.    0.  490.    0. 1063.  170. 1112.    0.
     0.    0.    0. 1081.  909.  295.    0.  961.  557.    0.  564.    0.
     0.  728.  374.    0.    0.  853.    0.  331.    0.    0.  780.  623.
     0.  263.]
 [ 709.  987.  639.  272.    0.    0.  669.  155.  374.  720.  624.  143.
     0.    0.  694.    0. 1044.    0.    0.    0. 1258.    0. 1306.    0.
     0.    0.  202. 1277. 1106.  622.    0. 1158.  511.    0.  358. 1197.
   993.  928.  700.    0.    0.  751.  331.    0.    0.    0.    0.  538.
     0.   97.]
 [ 610.    0.    0.    0.    0.    0.    0.    0.    0.    0.    0.    0.
     0.    0.    0.    0.    0.    0.    0.    0.    0.    0.    0.    0.
     0.    0.    0.    0.    0.    0.    0.    0.    0.    0.    0.    0.
    17.    0.    0.    0.    0.    0.    0.    0.    0.    0.    0.    0.
     0.    0.]
 [1248.    0.    0.    0.    0.  943.    0.    0.    0.    0.  651.    0.
     0.    0.    0.  465.    0.  464.    0.    0.    0.  847.    0.  422.
     0.    0.  931.    0.    0.  623.    0.    0.    0.    0.    0.    0.
     0.    0.    0.    0.    0.    0.    0.    0.    0.    0.    0.    0.
     0.    0.]
 [ 395.  341.  817.  527.    0.    0.  385.    0.  604.    0.  931.    0.
     0.  942.  901.    0.  391. 1181.  322.    0. 1002.    0. 1051. 1122.
   885.  290.    0. 1021.  848.  929.  969.  900.  282.    0.    0.  543.
   344.  737.  876.  899.    0.  149.  780.    0.    0.    0.    0.  418.
     0.    0.]
 [ 541.  672.  755.  308.    0.  908.    0.    0.  519.    0.    0.  679.
     0.    0.  841.    0.  728.    0.  279.    0.    0.    0.    0.    0.
     0.  673.    0.    0.    0.    0.  847.    0.  255.    0.  603.  882.
   678.    0.    0.    0.    0.  436.  623.  538.    0.    0.  418.    0.
     0.  566.]
 [ 720.    0.    0.    0.    0.    0.    0.    0.    0.    0.    0.    0.
     0.  276.  166.    0.    0.    0.    0.    0.    0.    0.    0.    0.
     0.    0.    0.    0.    0.    0.    0.    0.    0.  142.    0.    0.
     0.    0.    0.    0.    0.    0.    0.    0.    0.    0.    0.    0.
     0.    0.]
 [ 678. 1016.    0.  300.    0.    0.  639.  226.    0.    0.  557.  233.
  1081.    0.    0.    0. 1072.    0.  593.    0. 1227.  225. 1275.    0.
     0.    0.  227. 1245. 1075.    0.    0. 1127.  540.    0.  432. 1225.
  1022.  896.  633.    0.    0.  779.  263.  160.    0.    0.    0.  566.
     0.    0.]]
EOF
