NAME:  DC_co_l_wep_n20
COMMENT: this is testing the generating format
TYPE:  GVRP
DIMENSION:  20
CAPACITY:  100
EDGE_TYPE:  DIRECTED
EDGE_WEIGHT_TYPE:  EXPLICIT
EDGE_WEIGHT_FORMAT:  SPARSE_MATRIX
NODE_COORD_TYPE:  TWOD_COORDS
NODE_COORD_SECTION
0 -6.315 53.33
1 -6.3146 53.3396
2 -6.3125 53.3306
3 -6.2904 53.3637
4 -6.287 53.3637
5 -6.2849 53.3497
6 -6.2785 53.3588
7 -6.2654 53.3415
8 -6.2642 53.3601
9 -6.2615 53.3287
10 -6.2612 53.3648
11 -6.2611 53.3519
12 -6.2607 53.3584
13 -6.2579 53.3634
14 -6.2571 53.3277
15 -6.2498 53.3543
16 -6.2481 53.3461
17 -6.2276 53.3468
18 -6.2243 53.3264
19 -6.2183 53.3638
DEPOT_SECTION:
0
-1
DEMAND_SECTION
0 1
1 1
2 2
3 2
4 3
5 2
6 1
7 1
8 2
9 3
10 2
11 1
12 1
13 2
14 1
15 2
16 3
17 3
18 2
19 2
EDGE_WEIGHT_SECTION
[[   0.  789. 1448. 1985. 1225. 1624. 1909. 1741. 1869.  939. 1817. 1558.
  1553. 1653.  874. 1130. 1702.  932. 1040. 1900.]
 [ 615.    0.  591. 1367.  387.  697.    0.  750. 1474.  879.    0.  895.
     0.  683.  863.  515.    0.  318.  602. 1498.]
 [1140.  591.    0. 1185.  245.  825.    0.  334. 1261.  850.    0.  520.
   241.  234.    0.  285.    0.  592.  477. 1283.]
 [1560. 1367. 1185.    0.    0. 1846. 1094. 1368.  454.  962. 1030.  648.
  1198. 1298.  901. 1025.  992. 1112.  880.  698.]
 [ 963.  387.  245.    0.    0.  692.    0.  441.    0.  841.    0.    0.
     0.  372.  826.  265.    0.  401.  458.    0.]
 [1272.  697.  825. 1846.  692.    0.    0.    0. 1930. 1502.    0. 1258.
   895.  760. 1488.    0.    0.  936. 1113. 1952.]
 [1497.    0.    0. 1094.    0.    0.    0.  614. 1323. 1173.  122.  422.
   430.    0. 1107.  613.  426.    0.  845. 1340.]
 [1371.  750.  201. 1368.  441.    0.  614.    0. 1439.    0.  530.  702.
   250.  173.    0.  423.  493.    0.  716. 1461.]
 [1466. 1474. 1261.  454.    0. 1930. 1323. 1439.    0.  878. 1259.  879.
  1273. 1370.  816. 1235. 1222. 1307.  834.  100.]
 [ 741.  879.  850.  962.  841. 1502. 1173.    0.  878.    0. 1113.  825.
     0.    0.   72.  661. 1094.  644.  389.  904.]
 [1424.    0.    0. 1030.    0.    0.   73.  530. 1259. 1113.    0.  404.
   358.  555. 1048.  540.  317.    0.  786. 1278.]
 [1222.  895.  520.  648.    0. 1258.  422.  702.  879.  825.  404.    0.
   533.  633.  760.  438.  372.  694.  496.  899.]
 [1222.    0.   32. 1198.    0.  895.  430.  250. 1273.    0.  358.  533.
     0.  168.    0.  254.  266.    0.  548. 1296.]
 [1301.  683.  141. 1298.  372.  760.    0.  173. 1370.    0.  555.  633.
   168.    0.    0.  354.    0.    0.  646. 1393.]
 [ 687.  863.    0.  901.  826. 1488. 1107.    0.  816.   72. 1048.  760.
     0.    0.    0.    0. 1096.  626.  323.  841.]
 [ 886.  515.  163. 1025.  158.    0.  613.  423. 1235.  661.  540.  438.
   254.  354.    0.    0.  454.  311.  289. 1262.]
 [1335.    0.    0.  992.    0.    0.  247.  493. 1222. 1094.  181.  372.
   266.    0. 1096.  454.    0.    0.  741. 1243.]
 [ 734.  318.  349. 1112.  238.  936.    0.    0. 1307.  644.    0.  694.
     0.    0.  626.  311.    0.    0.  323. 1335.]
 [ 815.  602.  477.  880.  458. 1113.  845.  716.  834.  389.  786.  496.
   548.  646.  323.  289.  741.  323.    0.  860.]
 [1490. 1498. 1283.  416.    0. 1952. 1340. 1461.   10.  904. 1278.  899.
  1296. 1393.  841. 1262. 1243. 1335.  860.    0.]]
EOF
