NAME:  DS_ce_l_wep_n20
COMMENT: Generated by Finucane, Fulcher, O'Sullivan, and Seth (2021)TYPE:  GVRP
DIMENSION:  20
CAPACITY:  100
EDGE_TYPE:  DIRECTED
EDGE_WEIGHT_TYPE:  EXPLICIT
EDGE_WEIGHT_FORMAT:  SPARSE_MATRIX
NODE_COORD_TYPE:  TWOD_COORDS
NODE_COORD_SECTION
0 -6.371 53.3178
1 -6.3699 53.3204
2 -6.369 53.3188
3 -6.3613 53.3104
4 -6.3559 53.3083
5 -6.3527 53.3235
6 -6.3398 53.2897
7 -6.3324 53.2907
8 -6.3147 53.2906
9 -6.3073 53.273
10 -6.2442 53.3052
11 -6.2435 53.2713
12 -6.2433 53.272
13 -6.2203 53.2743
14 -6.2047 53.2742
15 -6.1937 53.2827
16 -6.1789 53.2529
17 -6.1638 53.2784
18 -6.161 53.2861
19 -6.137 53.237
DEPOT_SECTION:
0
-1
DEMAND_SECTION
0 1
1 2
2 1
3 3
4 1
5 3
6 3
7 3
8 3
9 2
10 2
11 1
12 3
13 1
14 1
15 3
16 1
17 1
18 2
19 2
EDGE_WEIGHT_SECTION
[[   0.  805. 5122.   64. 2730. 1964. 2750.  191. 3891.  210. 3283. 3042.
   241. 2748.  294.  896. 3786.  689. 2261. 3340.]
 [ 677.    0. 2752.    0. 1807.  962. 1630.  517. 2804. 1148. 1511.    0.
     0. 1628.  477.  431. 2645.  310. 1556. 2266.]
 [4351. 2752.    0.    0. 1845.    0.    0. 3079. 1224.    0. 1627. 2183.
     0. 2401.    0.    0. 1417. 2669.    0. 1494.]
 [  32.    0.    0.    0.    0.    0.    0.    0.    0.    0.    0.    0.
   141.    0.    0.    0.    0.    0.    0.    0.]
 [2297. 1807. 1845.    0.    0.    0. 1027. 2137.  738. 3073.  836.  780.
     0. 1046.    0.    0.    0. 1721. 1613.  847.]
 [1670.  962.    0.    0.    0.    0. 1067. 1436.    0. 1575.    0.    0.
     0. 1066. 1341.  629. 2499.  838. 1517.    0.]
 [2338. 1630.    0.    0. 1027. 1067.    0. 2105. 1301. 2012.    0.    0.
     0.    7. 2009. 1289. 1437. 1506.  843.  935.]
 [ 161.  517. 3079.    0. 2137. 1436. 2105.    0. 3175.  385. 1841.    0.
   135. 2103.   68.  594. 3087.  661.    0. 2707.]
 [3307. 2804. 1224.    0.  738.    0. 1301. 3175.    0. 3063.  662.    0.
  3381.    0. 3080. 2326.  192. 2680. 1526.  493.]
 [ 535. 1148.    0.    0. 3073. 1575. 2012.  675. 3063.    0. 2546. 2341.
   502. 2010.  555. 1069. 2974. 1128. 1677. 2595.]
 [2790. 1511. 1627.    0.  836.    0.    0. 1841.  662. 2546.    0.  242.
     0.    0. 1783. 1806.  797. 1426. 1050.  284.]
 [2585.    0. 2183.    0.  780.    0.    0.    0.    0. 2341.  709.    0.
     0.  346.    0.    0.    0.    0. 1257.    0.]
 [ 357.    0.    0.  281.    0.    0.    0.  270. 3381.  292.    0.    0.
     0.    0.    0.    0. 3292.    0. 1994. 2913.]
 [2337. 1628. 2401.    0. 1046. 1066.   59. 2103.    0. 2010.    0.  346.
     0.    0. 2008. 1287.    0. 1505. 1221.    0.]
 [ 247.  477.    0.    0.    0. 1341. 2009.  137. 3080.  277. 1783.    0.
     0. 2008.    0.  528. 2992.  598. 1864. 2612.]
 [ 754.  431.    0.    0.    0.  629. 1289.  594. 2326. 1069. 1806.    0.
     0. 1287.  528.    0. 2238.  435. 1253. 1859.]
 [3217. 2645. 1417.    0.    0. 2499. 1437. 3087.  331. 2974.  797.    0.
  3292.    0. 2992. 2238.    0. 2519. 1435.  663.]
 [ 580.  102. 2669.    0. 1721.  838. 1506.  330. 2680.  564. 1426.    0.
     0. 1505.  299.  253. 2519.    0. 1426. 2140.]
 [1920. 1556.    0.    0. 1613. 1517.  843.    0. 1526. 1677. 1050.  729.
  1994.  708. 1864. 1253. 1435. 1426.    0. 1062.]
 [2839. 2266. 1494.    0.  847.    0.  935. 2707.  493. 2595.  284.    0.
  2913.    0. 2612. 1859.  663. 2140. 1062.    0.]]
EOF
