NAME:  DS_ce_l_wep_n20
COMMENT: Generated by Finucane, Fulcher, O'Sullivan, and Seth (2021)
TYPE:  GVRP
DIMENSION:  20
CAPACITY:  100
EDGE_TYPE:  DIRECTED
EDGE_WEIGHT_TYPE:  EXPLICIT
EDGE_WEIGHT_FORMAT:  SPARSE_MATRIX
NODE_COORD_TYPE:  TWOD_COORDS
NODE_COORD_SECTION
0 -6.371 53.3178
1 -6.3699 53.3204
2 -6.369 53.3188
3 -6.3613 53.3104
4 -6.3559 53.3083
5 -6.3527 53.3235
6 -6.3398 53.2897
7 -6.3324 53.2907
8 -6.3147 53.2906
9 -6.3073 53.273
10 -6.2442 53.3052
11 -6.2435 53.2713
12 -6.2433 53.272
13 -6.2203 53.2743
14 -6.2047 53.2742
15 -6.1937 53.2827
16 -6.1789 53.2529
17 -6.1638 53.2784
18 -6.161 53.2861
19 -6.137 53.237
DEPOT_SECTION:
0
-1
DEMAND_SECTION
0 2
1 2
2 1
3 2
4 1
5 2
6 2
7 3
8 1
9 1
10 2
11 1
12 2
13 1
14 2
15 2
16 3
17 3
18 2
19 1
EDGE_WEIGHT_SECTION
[[   0.  808. 5139.   32. 2739. 1970. 2759.  192. 3904.  428. 3294. 3052.
   283. 2757.  295.  900. 3798.  691. 2268. 3351.]
 [ 677.    0. 2752.    0. 1807.  962. 1630.  517. 2804. 1148. 1511.    0.
     0. 1628.  477.  431. 2645.  140. 1556. 2266.]
 [4351. 2752.    0.    0. 1845.    0.    0. 3079. 1224.    0. 1627. 2183.
     0. 2401.    0.    0. 1417. 2669.    0. 1494.]
 [  80.    0.    0.    0.    0.    0.    0.    0.    0.    0.    0.    0.
   178.    0.    0.    0.    0.    0.    0.    0.]
 [2297. 1807. 1845.    0.    0.    0. 1027. 2137.  738. 3073.  836.  780.
     0. 1046.    0.    0.    0. 1721. 1613.  847.]
 [1670.  962.    0.    0.    0.    0. 1067. 1436.    0. 1575.    0.    0.
     0. 1066. 1341.  932. 2499.  838. 2247.    0.]
 [2338. 1630.    0.    0. 1027. 1067.    0. 2105. 1301. 2012.    0.    0.
     0.   20. 2009. 1289. 1437. 1506. 1248.  935.]
 [ 161.  517. 3079.    0. 2137. 1436. 2105.    0. 3175.  451. 1841.    0.
   171. 2103.   87.  594. 3087.  419.    0. 2707.]
 [3307. 2804. 1224.    0.  738.    0. 1301. 3175.    0. 3063.  569.    0.
  3381.    0. 3080. 2326.  224. 2680. 1526.  421.]
 [ 210. 1148.    0.    0. 3073. 1575. 2012.  451. 3063.    0. 2546. 2341.
   292. 2010.  352. 1069. 2974.  715. 1677. 2595.]
 [2790. 1511. 1627.    0.  836.    0.    0. 1841.  981. 2546.    0.  325.
     0.    0. 1783. 1806. 1182. 1426. 1050.  424.]
 [2585.    0. 2183.    0.  780.    0.    0.    0.    0. 2341.  325.    0.
     0.  346.    0.    0.    0.    0. 1257.    0.]
 [ 239.    0.    0.  178.    0.    0.    0.  171. 3381.  502.    0.    0.
     0.    0.    0.    0. 3292.    0. 1994. 2913.]
 [2337. 1628. 2401.    0. 1046. 1066.   20. 2103.    0. 2010.    0.  346.
     0.    0. 2008. 1287.    0. 1505. 1221.    0.]
 [ 247.  477.    0.    0.    0. 1341. 2009.   87. 3080.  352. 1783.    0.
     0. 2008.    0.  528. 2992.  379. 1864. 2612.]
 [ 754.  431.    0.    0.    0.  541. 1289.  594. 2326. 1069. 1806.    0.
     0. 1287.  528.    0. 2238.  294. 1253. 1859.]
 [3217. 2645. 1417.    0.    0. 2499. 1437. 3087.  224. 2974.  685.    0.
  3292.    0. 2992. 2238.    0. 2519. 1435.  663.]
 [ 580.  140. 2669.    0. 1721.  838. 1506.  419. 2680.  715. 1426.    0.
     0. 1505.  379.  294. 2519.    0. 1426. 2140.]
 [1920. 1556.    0.    0. 1613. 1304.  725.    0. 1526. 1677. 1050.  729.
  1994.  708. 1864. 1253. 1435. 1426.    0. 1062.]
 [2839. 2266. 1494.    0.  847.    0.  935. 2707.  738. 2595.  242.    0.
  2913.    0. 2612. 1859.  663. 2140. 1062.    0.]]
EOF
