NAME:  DS_co_l_wep_n20
COMMENT: this is testing the generating format
TYPE:  GVRP
DIMENSION:  20
CAPACITY:  100
EDGE_TYPE:  DIRECTED
EDGE_WEIGHT_TYPE:  EXPLICIT
EDGE_WEIGHT_FORMAT:  SPARSE_MATRIX
NODE_COORD_TYPE:  TWOD_COORDS
NODE_COORD_SECTION
0 -6.3682 53.2907
1 -6.3617 53.2862
2 -6.3535 53.3232
3 -6.341 53.3236
4 -6.3311 53.277
5 -6.3275 53.2876
6 -6.2879 53.293
7 -6.2807 53.2947
8 -6.2617 53.2807
9 -6.252 53.3212
10 -6.2416 53.3182
11 -6.2334 53.3027
12 -6.2213 53.2677
13 -6.2202 53.268
14 -6.2181 53.309
15 -6.1823 53.3021
16 -6.1813 53.3018
17 -6.17 53.2963
18 -6.1593 53.2669
19 -6.1239 53.2332
DEPOT_SECTION:
0
-1
DEMAND_SECTION
0 2
1 2
2 1
3 3
4 3
5 1
6 2
7 1
8 1
9 1
10 1
11 1
12 1
13 3
14 3
15 1
16 2
17 1
18 3
19 3
EDGE_WEIGHT_SECTION
[[   0. 2536. 2120. 1486. 1195. 1916. 2320. 2032. 3382. 2120. 1358.  782.
  1204. 1469. 2016. 2715. 2197. 1926.  687. 1832.]
 [2052.    0.    0.    0.    0. 1038.  389.    0.    0. 1481.    0.    0.
     0.    0.    0.    0.    0.    0.    0.    0.]
 [1715.    0.    0. 1677.    0.    0.  676. 2444. 3767.  988.    0.    0.
     0. 2588. 1089.  411. 1665.  792.    0.    0.]
 [1205.    0. 1677.    0. 1259. 2251. 2296.    0. 2297.    0. 1576. 1164.
     0.    0.  842. 1769.   46. 1292.  835.    0.]
 [ 967.    0.    0. 1259.    0. 1009. 1151. 2004.    0.    0. 1335. 1342.
  1646. 1768. 1034.  974.    0.  469.  986.    0.]
 [1550. 1038.    0. 2251. 1009.    0. 1027. 3029.    0.  483. 1371. 1964.
     0.    0.    0. 1667.    0. 1033. 1698.    0.]
 [1877.  131.  676. 2296. 1151. 1027.    0. 3038. 3028. 1105. 1699. 2291.
     0.    0. 1698. 1082. 2285. 1246. 2024.    0.]
 [1642.    0. 2444.    0. 2004. 3029. 3038.    0. 1206.    0.    0. 1239.
     0.  612. 1808.    0.  984.    0. 1415.    0.]
 [2729.    0. 3767. 2297.    0.    0. 3028. 1206.    0.    0.    0.    0.
     0. 1880. 2942. 3824. 2290. 3376.    0.    0.]
 [1716.  859.  988.    0.    0.   58. 1105.    0.    0.    0.    0.    0.
     0.    0.    0.    0.    0.    0.    0.    0.]
 [ 603.    0.    0. 1576.  749. 1371. 1699.    0.    0.    0.    0. 1130.
     0.    0. 1305. 1273.    0.  909.  863.    0.]
 [ 362.    0.    0. 1164. 1342. 1964. 2291. 1239.    0.    0. 1130.    0.
   561.    0. 1285. 1863. 1153.    0.  553.    0.]
 [ 976.    0.    0.    0. 1646.    0.    0.    0.    0.    0.    0.  968.
     0.  206. 2406.    0. 1740.    0. 1298.   48.]
 [1191.    0. 2588.    0. 1768.    0.    0. 1055. 1880.    0.    0.    0.
   206.    0. 2502.    0. 1516.    0.    0.  578.]
 [ 925.    0. 1089.  842.  354.    0. 1698. 1808. 2942.    0. 1305. 1285.
  1406. 1451.    0. 1136.  831.    0.  970.    0.]
 [1229.    0.  240. 1769.  544.  975.  628.    0. 3824.    0. 1273. 1863.
     0.    0. 1136.    0. 1757.  734.    0.    0.]
 [1024.    0. 1665.    6.    0.    0. 2285.  984. 2290.    0.    0. 1153.
   994.  879.  831. 1757.    0. 1281.  823. 1165.]
 [ 874.    0.  792. 1292.   56. 1033. 1246.    0. 3376.    0.  909.    0.
     0.    0.    0.  734. 1281.    0.    0.    0.]
 [ 317.    0.    0.  835.  986. 1698. 2024. 1415.    0.    0.  863.  553.
   759.    0.  970.    0.  823.    0.    0.    0.]
 [ 851.    0.    0.    0.    0.    0.    0.    0.    0.    0.    0.    0.
     5.   65.    0.    0. 1165.    0.    0.    0.]]
EOF
