NAME:  m50_ce_h_wdo_n20
COMMENT: this is testing the generating format
TYPE:  GVRP
DIMENSION:  20
CAPACITY:  100
EDGE_TYPE:  DIRECTED
EDGE_WEIGHT_TYPE:  EXPLICIT
EDGE_WEIGHT_FORMAT:  SPARSE_MATRIX
NODE_COORD_TYPE:  TWOD_COORDS
NODE_COORD_SECTION
0 -6.3863 53.4133
1 -6.3814 53.3151
2 -6.3699 53.3177
3 -6.3684 53.2863
4 -6.3549 53.3229
5 -6.3451 53.412
6 -6.321 53.3395
7 -6.3045 53.3932
8 -6.299 53.3363
9 -6.2969 53.3426
10 -6.2934 53.332
11 -6.2779 53.3265
12 -6.2571 53.3365
13 -6.2408 53.2648
14 -6.2407 53.3949
15 -6.2391 53.3387
16 -6.2215 53.3732
17 -6.1822 53.2555
18 -6.1788 53.4137
19 -6.1366 53.4096
DEPOT_SECTION:
0
-1
DEMAND_SECTION
0 1
1 2
2 1
3 2
4 1
5 3
6 3
7 2
8 3
9 1
10 1
11 2
12 1
13 2
14 1
15 3
16 3
17 3
18 2
19 1
EDGE_WEIGHT_SECTION
[[   0. 2606. 2812. 3936. 1501. 2523. 2715. 1176.  522. 3117.  728. 3274.
  2904. 1196. 1655. 4380.  694.  953. 1115.  890.]
 [2251.    0.  638. 1147. 1034.    0. 1134. 1318.    0. 1828.    0.    0.
  2302.    0.  904. 1532. 1656. 1489. 1322. 1396.]
 [2428.  638.    0. 1268. 1316.    0.  948. 1572.    0. 1641.    0.    0.
  2116.    0. 1359. 1651. 1835. 1662. 1498. 1567.]
 [3400. 1147. 1268.    0.    0.    0. 2125.    0.    0. 2809.    0.    0.
  3288.    0.    0.  987.    0.    0.    0.    0.]
 [1295. 1034. 1316.    0.    0. 1769. 1438.  408. 1482. 1952.    0. 2026.
  2431. 2035.  279.    0.  867.  469.  542.  554.]
 [2177.    0.    0.    0. 1769.    0.    0. 1500. 2438.    0. 2500.    0.
     0. 2302. 1905.    0. 2167. 1841.    0.    0.]
 [2344. 1134.  948. 2125. 1438.    0.    0. 1567.    0.  990.    0. 3403.
  1321.    0. 1546. 2513. 1747. 1631. 1427. 1537.]
 [1014. 1318. 1572.    0.  408. 1500. 1567.    0. 1203. 2014.    0. 2283.
  2497. 1618.  528.    0.    0.    0.  924.  408.]
 [ 242.    0.    0.    0. 1482. 2438.    0. 1203.    0.    0.  124.    0.
  2494.  769. 1616.    0.  784.  845.    0.  956.]
 [2688. 1828. 1641. 2809. 1952.    0.  990. 2014.    0.    0.    0. 3926.
  1212.    0. 2232. 3199. 2089. 2036. 1794. 1944.]
 [ 346.    0.    0.    0.    0. 2500.    0.    0.  124.    0.    0.    0.
  2576.  658.    0.    0.    0.    0.    0.    0.]
 [2825.    0.    0.    0. 2026.    0. 3403. 2283.    0. 3926.    0.    0.
  4409.    0. 2085.    0.    0.    0. 2519. 2220.]
 [2503. 2302. 2116. 3288. 2431.    0. 1321. 2497. 2494. 1212. 2576. 4409.
     0. 3347. 2714. 3676. 2285. 2602. 2276. 2427.]
 [1032.    0.    0.    0. 2035. 2302.    0. 1618. 1357.    0. 1172.    0.
  3347.    0. 2154.    0. 1626. 1639. 1957. 2379.]
 [1426.  904. 1359.    0.  279. 1905. 1546.  528. 1616. 2232.    0. 2085.
  2714. 2154.    0.    0. 1224.    0.  891.  680.]
 [3783. 1532. 1651.  563.    0.    0. 2513.    0.    0. 3199.    0.    0.
  3676.    0.    0.    0.    0.    0.    0.    0.]
 [ 599. 1656. 1835.    0.  867. 2167. 1747.    0.  784. 2089.    0.    0.
  2285. 1626. 1224.    0.    0.  300.  366.  442.]
 [ 822. 1489. 1662.    0.  876. 1841. 1631.    0. 1541. 2036.    0.    0.
  2602. 1639.    0.    0.  526.    0.  764.  354.]
 [ 963. 1322. 1498.    0.  542.    0. 1427.  507.    0. 1794.    0. 2519.
  2276. 1957.  891.    0.  366.  244.    0.  434.]
 [ 767. 1396. 1567.    0.  554.    0. 1537.  224.  956. 1944.    0. 2220.
  2427. 1352.  680.    0.  442.   37.  434.    0.]]
EOF
