NAME:  m50_co_h_wdo_n20
COMMENT: this is testing the generating format
TYPE:  GVRP
DIMENSION:  20
CAPACITY:  100
EDGE_TYPE:  DIRECTED
EDGE_WEIGHT_TYPE:  EXPLICIT
EDGE_WEIGHT_FORMAT:  SPARSE_MATRIX
NODE_COORD_TYPE:  TWOD_COORDS
NODE_COORD_SECTION
0 -6.3909 53.3246
1 -6.3892 53.2952
2 -6.3814 53.3151
3 -6.3661 53.3846
4 -6.3639 53.414
5 -6.3572 53.2772
6 -6.3561 53.3505
7 -6.341 53.3237
8 -6.3191 53.4014
9 -6.3151 53.2652
10 -6.3097 53.3138
11 -6.3078 53.3418
12 -6.3068 53.3435
13 -6.2182 53.3091
14 -6.2147 53.2532
15 -6.214 53.414
16 -6.2039 53.2721
17 -6.1871 53.3974
18 -6.1429 53.2708
19 -6.1284 53.2572
DEPOT_SECTION:
0
-1
DEMAND_SECTION
0 1
1 1
2 3
3 1
4 2
5 2
6 1
7 2
8 1
9 2
10 3
11 3
12 2
13 1
14 1
15 2
16 1
17 2
18 3
19 2
EDGE_WEIGHT_SECTION
[[   0. 2202. 3922. 3747. 4890. 4181. 2618.    0.    0.    0.    0.    0.
  2894. 2144. 4470.    0. 2151. 2642. 1733. 2982.]
 [1914.    0. 2167. 1834.    0. 2597.  850. 1453.  607. 1888. 2230. 1747.
  1131.  153. 2761. 1118. 2121.  652. 2320. 1344.]
 [3408. 2167.    0. 1958.    0.  499.    0. 3318.    0. 2252. 3661.    0.
     0.    0.  930.    0. 3265. 1811. 3924.  977.]
 [3255. 1834. 1958.    0. 3204. 1844. 1694.    0.    0. 1058. 3505.    0.
  2249.    0. 3006.    0. 3323. 1281. 3696. 2198.]
 [4254.    0.    0. 3204.    0. 1594.    0.    0.    0. 3668.    0.    0.
     0.    0.  272.    0.    0.    0.    0.    0.]
 [3630. 2597.  499. 1844. 1594.    0.    0. 3548.    0. 2402. 3992. 3103.
     0.    0. 1276. 2937. 3600. 1934. 4152.    0.]
 [2273.  850.    0. 1694.    0.    0.    0.    0.  746. 1322. 2727. 1116.
   568.  886.    0.  473. 2631.  512. 2599. 1637.]
 [   0. 1453. 3318.    0.    0. 3548.    0.    0.    0. 2522.    0.    0.
  1940. 1439. 3823.    0.    0. 2104. 1035. 2407.]
 [   0.  607.    0.    0.    0.    0.  746.    0.    0. 1820. 2689. 1511.
   933.  916.    0. 1046. 2618.    0. 2040.    0.]
 [   0. 1888. 2252. 1058. 3668. 2402. 1322. 2522. 1820.    0. 3818. 1195.
  1548.    0.    0. 1072. 3436. 1416.    0. 2233.]
 [   0. 2230. 3661. 3505.    0. 3992. 2727.    0. 2689. 3818.    0. 3827.
  3290. 2146. 3543. 3298.  651. 2565. 2747. 2652.]
 [   0. 1747.    0.    0.    0. 3103. 1116.    0. 1511.  704. 3827.    0.
     0. 1783. 3781.  618. 3722. 1411.    0.    0.]
 [2517. 1131.    0. 2249.    0.    0.  568. 1940.  933. 1548. 3290.    0.
     0. 1165.    0.  425. 3199.    0. 2945.    0.]
 [1863.   19.    0.    0.    0.    0.  886. 1439.  498.    0. 2146. 1783.
  1165.    0.    0. 1153. 2025.    0. 2449.    0.]
 [3888. 2761. 1615. 3006.  812. 1276.    0. 3823.    0.    0. 3543. 3781.
     0.    0.    0.    0. 3560. 2612. 4571. 2161.]
 [   0. 1118.    0.    0.    0. 2937.  473.    0. 1046. 1072. 3298.  618.
   793. 1153.    0.    0. 3200.  942.    0.    0.]
 [1870. 2121. 3265. 3323.    0. 3600. 2631.    0. 2618. 3436. 1145. 3722.
  3199. 2025. 3560. 3200.    0. 2408. 2682. 2264.]
 [2295.  652. 1811. 1281.    0. 1934.  512. 2104.    0. 1416. 2565. 1411.
     0.    0. 2612.  942. 2408.    0. 2708. 1343.]
 [1505. 2320. 3924. 3696.    0. 4152. 2599. 1035. 2040.    0. 2747.    0.
  2945. 2449. 4571.    0. 2682. 2708.    0. 3009.]
 [2593. 1344.  977. 2198.    0.    0. 1637. 2407.    0. 2233. 2652.    0.
     0.    0. 1246.    0. 2264. 1343. 3009.    0.]]
EOF
