NAME:  m50_co_h_wdo_n20
COMMENT: this is testing the generating format
TYPE:  GVRP
DIMENSION:  20
CAPACITY:  100
EDGE_TYPE:  DIRECTED
EDGE_WEIGHT_TYPE:  EXPLICIT
EDGE_WEIGHT_FORMAT:  SPARSE_MATRIX
NODE_COORD_TYPE:  TWOD_COORDS
NODE_COORD_SECTION
0 -6.3909 53.3246
1 -6.3892 53.2952
2 -6.3814 53.3151
3 -6.3661 53.3846
4 -6.3639 53.414
5 -6.3572 53.2772
6 -6.3561 53.3505
7 -6.341 53.3237
8 -6.3191 53.4014
9 -6.3151 53.2652
10 -6.3097 53.3138
11 -6.3078 53.3418
12 -6.3068 53.3435
13 -6.2182 53.3091
14 -6.2147 53.2532
15 -6.214 53.414
16 -6.2039 53.2721
17 -6.1871 53.3974
18 -6.1429 53.2708
19 -6.1284 53.2572
DEPOT_SECTION:
0
-1
DEMAND_SECTION
0 2
1 1
2 3
3 2
4 2
5 3
6 1
7 1
8 3
9 3
10 3
11 1
12 2
13 1
14 3
15 1
16 3
17 2
18 2
19 3
EDGE_WEIGHT_SECTION
[[   0. 2202. 3922. 3747. 4890. 4181. 2618.  698. 1423. 2864. 1205. 2560.
  2894. 2144. 4470. 2034. 2151. 2642. 1733. 2982.]
 [1914.    0. 2167. 1834.    0. 2597. 1276. 1453.  607. 1888. 2230. 1747.
  1731.  153. 2761. 1118. 2121. 1001. 2320. 1344.]
 [3408. 2167.    0. 1958.    0.  499.    0. 3318.    0. 2252. 3661. 2140.
     0.    0.  930. 2107. 3265. 1811. 3924.  977.]
 [3255. 1834. 1958.    0. 3204. 1844. 1694. 2394.    0.  914. 3505.    0.
  2249.    0. 3006. 1371. 3323. 1281. 3696. 2198.]
 [4254.    0.    0. 3204.    0. 1594.    0.    0.    0. 3668.    0.    0.
     0.    0.  318.    0.    0.    0.    0.    0.]
 [3630. 2597.  499. 1844. 1594.    0.    0. 3548.    0. 2402. 3992. 3103.
     0.    0. 1276. 2937. 3600. 1934. 4152.    0.]
 [2273.  723.    0. 1694.    0.    0.    0. 1451.  620. 1140. 2727. 1116.
   568.  886.    0.  473. 2631.  512. 2599. 1637.]
 [ 604. 1453. 3318. 2394.    0. 3548. 1451.    0.  841. 2522. 1606. 1705.
  1940. 1439. 3823. 1326. 2025. 2104. 1035. 2407.]
 [1230.  607.    0.    0.    0.    0. 1144.  841.    0. 1820. 2689. 1511.
   933.  916.    0. 1046. 2618.    0. 2040.    0.]
 [2475. 1888. 2252. 1557. 3668. 2402. 1951. 2522. 1820.    0. 3818. 1764.
  2350.    0.    0. 1609. 3436. 2093.    0. 2233.]
 [1041. 2230. 3661. 3505.    0. 3992. 2727. 1606. 2689. 3818.    0. 3827.
  3290. 2146. 3543. 3298.  651. 2565. 2747. 2652.]
 [2212. 1747. 2140.    0.    0. 3103. 1116. 1705. 1511.  620. 3827.    0.
     0. 1783. 3781.  618. 3722. 1411.    0.    0.]
 [2517.  941.    0. 2249.    0.    0.  568. 1940.  933. 1303. 3290.    0.
     0. 1165.    0.  514. 3199.    0. 2945.    0.]
 [1863.   19.    0.    0.    0.    0.  886. 1439.  498.    0. 2146. 1783.
  1165.    0.    0. 1153. 2025.    0. 2449.    0.]
 [3888. 2761. 1615. 3006.  549. 1276.    0. 3823.    0.    0. 3543. 3781.
     0.    0.    0.    0. 3560. 2612. 4571. 2161.]
 [1758. 1118. 2107. 1371.    0. 2937.  473. 1326. 1046.  912. 3298.  618.
   514. 1153.    0.    0. 3200.  942.    0.    0.]
 [1870. 2121. 3265. 3323.    0. 3600. 2631. 2025. 2618. 3436. 1145. 3722.
  3199. 2025. 3560. 3200.    0. 2408. 2682. 2264.]
 [2295.  540. 1811. 1281.    0. 1934.  512. 2104.    0. 1219. 2565. 1411.
     0.    0. 2612.  942. 2408.    0. 2708. 1343.]
 [1505. 2320. 3924. 3696.    0. 4152. 2599. 1035. 2040.    0. 2747.    0.
  2945. 2449. 4571.    0. 2682. 2708.    0. 3009.]
 [2593. 1344.  977. 2198.    0.    0. 1637. 2407.    0. 2233. 2652.    0.
     0.    0. 1246.    0. 2264. 1343. 3009.    0.]]
EOF
