NAME:  m50_ce_l_wdo_n20
COMMENT: Generated by Finucane, Fulcher, O'Sullivan, and Seth (2021)
TYPE:  GVRP
DIMENSION:  20
CAPACITY:  100
EDGE_TYPE:  DIRECTED
EDGE_WEIGHT_TYPE:  EXPLICIT
EDGE_WEIGHT_FORMAT:  SPARSE_MATRIX
NODE_COORD_TYPE:  TWOD_COORDS
NODE_COORD_SECTION
0 -6.3863 53.4133
1 -6.3814 53.3151
2 -6.3699 53.3177
3 -6.3684 53.2863
4 -6.3549 53.3229
5 -6.3451 53.412
6 -6.321 53.3395
7 -6.3045 53.3932
8 -6.299 53.3363
9 -6.2969 53.3426
10 -6.2934 53.332
11 -6.2779 53.3265
12 -6.2571 53.3365
13 -6.2408 53.2648
14 -6.2407 53.3949
15 -6.2391 53.3387
16 -6.2215 53.3732
17 -6.1822 53.2555
18 -6.1788 53.4137
19 -6.1366 53.4096
DEPOT_SECTION:
0
-1
DEMAND_SECTION
0 0
1 2
2 1
3 3
4 1
5 3
6 2
7 3
8 2
9 3
10 1
11 1
12 3
13 1
14 3
15 1
16 1
17 3
18 1
19 2
EDGE_WEIGHT_SECTION
[[   0. 2689. 2903. 4062. 1551. 2607. 2804. 1216.  289. 3222.  412. 3382.
  3002. 1235. 1711. 4520.  717.  986. 1150.  920.]
 [2202.    0.  625. 1122. 1011.    0. 1111. 1290.    0. 1791.    0.    0.
  2254.    0.  885. 1499. 1619. 1457. 1293. 1365.]
 [2376.  625.    0. 1240. 1288.    0.  930. 1539.    0. 1608.    0.    0.
  2072.    0. 1330. 1615. 1794. 1626. 1465. 1534.]
 [3326. 1122. 1240.    0.    0.    0. 2079.    0.    0. 2750.    0.    0.
  3218.    0.    0.  645.    0.    0.    0.    0.]
 [1268. 1011. 1288.    0.    0. 1449. 1408.  399. 1452. 1913.    0. 1984.
  2381. 1992.  274.    0.  849.  557.  531.  542.]
 [2131.    0.    0.    0. 2641.    0.    0. 2247. 2384.    0. 2445. 1072.
     0. 2250. 2799.    0. 3239. 2760.    0.    0.]
 [2294. 1111.  930. 2079. 1408.    0.    0. 1534. 1883.  967.    0. 3332.
  1293.    0. 1512. 2459. 1709. 1596. 1396. 1504.]
 [ 993. 1290. 1539.    0.  399. 1224. 1534.    0. 1179. 1974.    0. 2232.
  2446. 1584.  517.    0.    0.    0.  593.  262.]
 [ 440.    0.    0.    0. 1452. 2384. 1883. 1179.    0.    0.   99. 2274.
  2442.  884. 1583.    0. 1172.  990.    0.  936.]
 [2632. 1791. 1608. 2750. 1913.    0.  967. 1974.    0.    0.    0. 3845.
  1185.    0. 2185. 3131. 2045. 1994. 1757. 1904.]
 [ 614.    0.    0.    0.    0. 2445.    0.    0.  190.    0.    0. 2340.
  2523.  760.    0.    0.    0.    0.    0.    0.]
 [2765.    0.    0.    0. 1984.  536. 3332. 2232. 2274. 3845. 2340.    0.
  4318. 2101. 2040.    0.    0.    0. 2467. 2174.]
 [2451. 2254. 2072. 3218. 2381.    0. 1293. 2446. 2442. 1185. 2523. 4318.
     0. 3275. 2656. 3598. 2237. 2546. 2228. 2376.]
 [1010.    0.    0.    0. 1992. 2250.    0. 1584.  884.    0.  760. 2101.
  3275.    0. 2108.    0. 1591. 1604. 1914. 1553.]
 [1397.  885. 1330.    0.  274. 1582. 1512.  517. 1583. 2185.    0. 2040.
  2656. 2108.    0.    0. 1197.    0.  872.  666.]
 [3701. 1499. 1615.  645.    0.    0. 2459.    0.    0. 3131.    0.    0.
  3598.    0.    0.    0.    0.    0.    0.    0.]
 [ 586. 1619. 1794.    0.  849. 1771. 1709.    0.  642. 2045.    0.    0.
  2237. 1591. 1197.    0.    0.  344.  358.  433.]
 [ 805. 1457. 1626.    0.  557. 1499. 1596.    0.  990. 1994.    0.    0.
  2546. 1604.    0.    0.  344.    0.  336.  115.]
 [ 942. 1293. 1465.    0.  531.    0. 1396.  593.    0. 1757.    0. 2467.
  2228. 1914.  872.    0.  358.  336.    0.  425.]
 [ 751. 1365. 1534.    0.  542.    0. 1504.  262.  936. 1904.    0. 2174.
  2376. 1553.  666.    0.  433.  115.  425.    0.]]
EOF
