NAME:  m50_co_l_wdo_n20
COMMENT: this is testing the generating format
TYPE:  GVRP
DIMENSION:  20
CAPACITY:  100
EDGE_TYPE:  DIRECTED
EDGE_WEIGHT_TYPE:  EXPLICIT
EDGE_WEIGHT_FORMAT:  SPARSE_MATRIX
NODE_COORD_TYPE:  TWOD_COORDS
NODE_COORD_SECTION
0 -6.3909 53.3246
1 -6.3892 53.2952
2 -6.3814 53.3151
3 -6.3661 53.3846
4 -6.3639 53.414
5 -6.3572 53.2772
6 -6.3561 53.3505
7 -6.341 53.3237
8 -6.3191 53.4014
9 -6.3151 53.2652
10 -6.3097 53.3138
11 -6.3078 53.3418
12 -6.3068 53.3435
13 -6.2182 53.3091
14 -6.2147 53.2532
15 -6.214 53.414
16 -6.2039 53.2721
17 -6.1871 53.3974
18 -6.1429 53.2708
19 -6.1284 53.2572
DEPOT_SECTION:
0
-1
DEMAND_SECTION
0 1
1 3
2 3
3 3
4 2
5 3
6 2
7 1
8 3
9 3
10 3
11 3
12 2
13 3
14 1
15 3
16 3
17 3
18 1
19 2
EDGE_WEIGHT_SECTION
[[   0. 2156. 3840. 3669. 4785. 4094. 2564.  686. 1399. 2814. 1184. 2515.
  2832. 2098. 4374. 1999. 2106. 2588. 1697. 2918.]
 [1874.    0. 2122. 1796.    0. 2539. 1252. 1423.  595. 1847. 2181. 1710.
  1701.  150. 2703. 1094. 2075.  983. 2270. 1316.]
 [3336. 2122.    0. 1915.    0.  488.    0. 3249.    0. 2202. 3581. 2103.
     0.    0.  907. 2070. 3194. 1772. 3842.  955.]
 [3187. 1796. 1915.    0. 3133. 1804. 1657. 2352.    0.  890. 3431.    0.
  2199.    0. 2939. 1347. 3253. 1254. 3620. 2150.]
 [4161.    0.    0. 3133.    0. 1560.    0.    0.    0. 3586.    0.    0.
     0.    0.  310.    0.    0.    0.    0.    0.]
 [3555. 2539.  488. 1804. 1560.    0.    0. 3475.    0. 2349. 3905. 3034.
     0.    0. 1252. 2874. 3522. 1894. 4067.    0.]
 [2226.  705.    0. 1657.    0.    0.    0. 1425.  604. 1111. 2669. 1092.
   557.  867.    0.  464. 2576.  501. 2544. 1604.]
 [ 593. 1423. 3249. 2352.    0. 3475. 1425.    0.  827. 2469. 1578. 1675.
  1899. 1409. 3743. 1303. 1990. 2061. 1011. 2358.]
 [1209.  595.    0.    0.    0.    0. 1124.  827.    0. 1783. 2632. 1480.
   915.  900.    0. 1025. 2563.    0. 1995.    0.]
 [2432. 1847. 2202. 1526. 3586. 2349. 1912. 2469. 1783.    0. 3736. 1730.
  2308.    0.    0. 1579. 3365. 2052.    0. 2187.]
 [1023. 2181. 3581. 3431.    0. 3905. 2669. 1578. 2632. 3736.    0. 3744.
  3220. 2100. 3470. 3227.  635. 2510. 2686. 2595.]
 [2173. 1710. 2103.    0.    0. 3034. 1092. 1675. 1480.  598. 3744.    0.
     0. 1744. 3699.  605. 3641. 1379.    0.    0.]
 [2462.  918.    0. 2199.    0.    0.  557. 1899.  915. 1270. 3220.    0.
     0. 1141.    0.  504. 3132.    0. 2881.    0.]
 [1824.   18.    0.    0.    0.    0.  867. 1409.  486.    0. 2100. 1744.
  1141.    0.    0. 1129. 1982.    0. 2394.    0.]
 [3803. 2703. 1584. 2939.  538. 1252.    0. 3743.    0.    0. 3470. 3699.
     0.    0.    0.    0. 3483. 2556. 4473. 2119.]
 [1727. 1094. 2070. 1347.    0. 2874.  464. 1303. 1025.  889. 3227.  605.
   504. 1129.    0.    0. 3132.  923.    0.    0.]
 [1830. 2075. 3194. 3253.    0. 3522. 2576. 1990. 2563. 3365. 1124. 3641.
  3132. 1982. 3483. 3132.    0. 2358. 2626. 2216.]
 [2247.  527. 1772. 1254.    0. 1894.  501. 2061.    0. 1188. 2510. 1379.
     0.    0. 2556.  923. 2358.    0. 2653. 1316.]
 [1474. 2270. 3842. 3620.    0. 4067. 2544. 1011. 1995.    0. 2686.    0.
  2881. 2394. 4473.    0. 2626. 2653.    0. 2948.]
 [2537. 1316.  955. 2150.    0.    0. 1604. 2358.    0. 2187. 2595.    0.
     0.    0. 1215.    0. 2216. 1316. 2948.    0.]]
EOF
