NAME:  m50_co_l_wdo_n20
COMMENT: Generated by Finucane, Fulcher, O'Sullivan, and Seth (2021)
TYPE:  GVRP
DIMENSION:  20
CAPACITY:  100
EDGE_TYPE:  DIRECTED
EDGE_WEIGHT_TYPE:  EXPLICIT
EDGE_WEIGHT_FORMAT:  SPARSE_MATRIX
NODE_COORD_TYPE:  TWOD_COORDS
NODE_COORD_SECTION
0 -6.3909 53.3246
1 -6.3892 53.2952
2 -6.3814 53.3151
3 -6.3661 53.3846
4 -6.3639 53.414
5 -6.3572 53.2772
6 -6.3561 53.3505
7 -6.341 53.3237
8 -6.3191 53.4014
9 -6.3151 53.2652
10 -6.3097 53.3138
11 -6.3078 53.3418
12 -6.3068 53.3435
13 -6.2182 53.3091
14 -6.2147 53.2532
15 -6.214 53.414
16 -6.2039 53.2721
17 -6.1871 53.3974
18 -6.1429 53.2708
19 -6.1284 53.2572
DEPOT_SECTION:
0
-1
DEMAND_SECTION
0 3
1 3
2 2
3 2
4 3
5 1
6 3
7 1
8 3
9 2
10 3
11 1
12 3
13 2
14 2
15 2
16 2
17 3
18 2
19 2
EDGE_WEIGHT_SECTION
[[   0. 2157. 3842. 3670. 4787. 4096. 2565.  686. 1399. 2815. 1185. 2516.
  2833. 2099. 4376. 2000. 2107. 2589. 1698. 2920.]
 [1874.    0. 2122. 1503.    0. 2539.  832. 1423.  595. 1847. 2181. 1710.
  1108.   52. 2703. 1094. 2075.  639. 2270. 1316.]
 [3336. 2122.    0. 1915.    0.  411.    0. 3249.    0. 2202. 3581. 2103.
     0.    0. 1061. 2070. 3194. 1772. 3842. 1429.]
 [3187. 2735. 1915.    0. 3133. 1804. 2489. 2352.    0. 1526. 3431.    0.
  2199.    0. 2939. 1347. 3253. 1907. 3620. 3233.]
 [4161.    0.    0. 3133.    0. 1321.    0.    0.    0. 3586.    0.    0.
     0.    0.  362.    0.    0.    0.    0.    0.]
 [3555. 2539.  739. 1804. 2371.    0.    0. 3475.    0. 2349. 3905. 3034.
     0.    0. 1945. 2874. 3522. 1894. 4067.    0.]
 [2226.  832.    0. 1408.    0.    0.    0. 1425.  731. 1292. 2669.  927.
   557.  867.    0.  380. 2576.  501. 2544. 1604.]
 [ 593. 1423. 3249. 2352.    0. 3475. 1425.    0.  827. 2469. 1578. 1675.
  1899. 1409. 3743. 1303. 1990. 2061. 1011. 2358.]
 [1209.  595.    0.    0.    0.    0.  731.  827.    0. 1783. 2632. 1480.
   915.  586.    0. 1025. 2563.    0. 1995.    0.]
 [2432. 1847. 2202.  890. 3586. 2349. 1292. 2469. 1783.    0. 3736.  795.
  1516.    0.    0. 1048. 3365. 1383.    0. 2187.]
 [1023. 2181. 3581. 3431.    0. 3905. 2669. 1578. 2632. 3736.    0. 3744.
  3220. 2100. 3470. 3227.  748. 2510. 2686. 2595.]
 [2173. 1710. 2103.    0.    0. 3034. 1641. 1675. 1480.  795. 3744.    0.
     0. 1744. 3699.  605. 3641. 1379.    0.    0.]
 [2462. 1108.    0. 2199.    0.    0.  557. 1899.  915. 1516. 3220.    0.
     0. 1141.    0.  504. 3132.    0. 2881.    0.]
 [1824.   52.    0.    0.    0.    0.  867. 1409.  586.    0. 2100. 1744.
  1141.    0.    0. 1129. 1982.    0. 2394.    0.]
 [3803. 2703. 1061. 2939.  362. 1022.    0. 3743.    0.    0. 3470. 3699.
     0.    0.    0.    0. 3483. 2556. 4473. 1421.]
 [1727. 1094. 2070. 1347.    0. 2874.  718. 1303. 1025. 1048. 3227.  605.
   504. 1129.    0.    0. 3132.  923.    0.    0.]
 [1830. 2075. 3194. 3253.    0. 3522. 2576. 1990. 2563. 3365.  748. 3641.
  3132. 1982. 3483. 3132.    0. 2358. 2626. 2216.]
 [2247.  639. 1772. 1052.    0. 1894.  501. 2061.    0. 1383. 2510. 1379.
     0.    0. 2556.  923. 2358.    0. 2653. 1316.]
 [1474. 2270. 3842. 3620.    0. 4067. 2544. 1011. 1995.    0. 2686.    0.
  2881. 2394. 4473.    0. 2626. 2653.    0. 2948.]
 [2537. 1316.  816. 1825.    0.    0. 1604. 2358.    0. 2187. 2595.    0.
     0.    0. 1421.    0. 2216. 1316. 2948.    0.]]
EOF
