NAME:  DC_ce_h_wep_n20
COMMENT: this is testing the generating format
TYPE:  GVRP
DIMENSION:  20
CAPACITY:  100
EDGE_TYPE:  DIRECTED
EDGE_WEIGHT_TYPE:  EXPLICIT
EDGE_WEIGHT_FORMAT:  SPARSE_MATRIX
NODE_COORD_TYPE:  TWOD_COORDS
NODE_COORD_SECTION
0 -6.3198 53.3394
1 -6.3153 53.3288
2 -6.3124 53.3251
3 -6.3098 53.3395
4 -6.2907 53.3595
5 -6.2847 53.3636
6 -6.2807 53.3631
7 -6.2746 53.341
8 -6.2676 53.3453
9 -6.266 53.3633
10 -6.2655 53.3536
11 -6.2601 53.3632
12 -6.2592 53.332
13 -6.2543 53.3618
14 -6.241 53.3307
15 -6.2381 53.3262
16 -6.2381 53.3614
17 -6.237 53.3534
18 -6.2269 53.3279
19 -6.2199 53.3345
DEPOT_SECTION:
0
-1
DEMAND_SECTION
0 1
1 1
2 1
3 1
4 3
5 3
6 3
7 3
8 2
9 2
10 2
11 3
12 3
13 3
14 1
15 2
16 3
17 1
18 2
19 2
EDGE_WEIGHT_SECTION
[[   0. 1893. 1530. 1099.  362. 1129. 1874. 1928. 1370.  902. 1898. 2102.
  1656. 1721.  309. 1816. 1447. 1875.  497. 1263.]
 [1474.    0.  575.  635. 1253.  820. 1071.  297.  622.    0. 1391. 1212.
     0.  431. 1521. 1326. 1269.  472.    0. 1091.]
 [1193.  575.    0.  592. 1047.  832. 1321.  894.  526. 1082. 1559. 1460.
   305.    0. 1135. 1490.  606. 1019. 1202.  926.]
 [ 854.  635.  592.    0.  648.  229.  787.  679.  310.  449.  938.  926.
   551.  602.  887.  875.  684.  606.  774.  900.]
 [ 284. 1253. 1047.  648.    0.  656. 1235. 1284.  848.  477. 1254.    0.
  1066. 1116.  694. 1191.  982.    0.  352. 1139.]
 [ 876.  820.  832.  229.  656.    0.  689.  709.  505.  462.  773.  863.
   791.  841.  968.  713.    0.  638.  745.    0.]
 [1460. 1071. 1321.  787. 1235.  689.    0.  973.  995. 1013.  590.  269.
  1281. 1330. 1546.  539.    0.  900. 1264.    0.]
 [1500.   99.  536.  679. 1284.  709.  973.    0.  456. 1122. 1315. 1114.
     0.  382. 1546. 1249.  901.  329.    0. 1116.]
 [1067.  367.  314.  310.  848.  505.  995.  456.    0.    0. 1241. 1134.
   322.  372. 1104. 1174.  572.  590.    0.  789.]
 [ 704.    0. 1082.  449.  477.  462. 1013. 1122.    0.    0. 1014.    0.
     0.    0.  785.  947. 1022. 1050.  528. 1239.]
 [1476. 1391. 1559.  938. 1254.  773.  590. 1315. 1241. 1014.    0.    0.
  1519. 1569. 1566.  255.    0. 1241. 1286.    0.]
 [1638. 1212. 1460.  926.    0.  863.  164. 1114. 1134.    0.    0.    0.
  1420. 1470.    0.    0.    0. 1041.    0.    0.]
 [1292.    0.  119.  551. 1066.  791. 1281.    0.  322.    0. 1519. 1420.
     0.  176. 1225. 1450.  532.    0.    0.  753.]
 [1342.  259.    0.  602. 1116.  841. 1330.  382.  372.    0. 1569. 1470.
   107.    0. 1276. 1500.    0.  538.    0.    0.]
 [ 242. 1521. 1135.  887.  424.  968. 1546. 1546. 1104.  785. 1566.    0.
  1225. 1276.    0. 1503.  900.    0.    0.  827.]
 [1411. 1326. 1490.  875. 1191.  713.  539. 1249. 1174.  947.  255.    0.
  1450. 1500. 1503.    0.    0. 1175. 1223.    0.]
 [1129.  758.  368.  684.  982.    0.    0.  901.  572. 1022.    0.    0.
   532.    0.  900.    0.    0. 1038. 1137.  314.]
 [1458.  277.  606.  606.    0.  638.  900.  196.  590. 1050. 1241. 1041.
     0.  538.    0. 1175. 1038.    0. 1368. 1255.]
 [ 234.    0. 1202.  774.  132.  745. 1264.    0.    0.  528. 1286.    0.
     0.    0.    0. 1223. 1137. 1368.    0. 1291.]
 [ 978. 1091.  560.  900. 1139.    0.    0. 1116.  789. 1239.    0.    0.
   753.    0.  827.    0.  314. 1255. 1291.    0.]]
EOF
