NAME:  DC_ce_h_wep_n50
COMMENT: Generated by Finucane, Fulcher, O'Sullivan, and Seth (2021)
TYPE:  GVRP
DIMENSION:  50
CAPACITY:  100
EDGE_TYPE:  DIRECTED
EDGE_WEIGHT_TYPE:  EXPLICIT
EDGE_WEIGHT_FORMAT:  SPARSE_MATRIX
NODE_COORD_TYPE:  TWOD_COORDS
NODE_COORD_SECTION
0 -6.3121 53.3301
1 -6.3103 53.3344
2 -6.3048 53.3262
3 -6.3029 53.3396
4 -6.3 53.3348
5 -6.2953 53.3643
6 -6.2917 53.3429
7 -6.2907 53.3595
8 -6.2899 53.3433
9 -6.2895 53.3394
10 -6.289 53.3542
11 -6.289 53.3605
12 -6.2883 53.3287
13 -6.2811 53.3439
14 -6.2803 53.3406
15 -6.2795 53.3387
16 -6.2795 53.3633
17 -6.2758 53.3507
18 -6.2731 53.3568
19 -6.272 53.3359
20 -6.2716 53.3543
21 -6.2715 53.3469
22 -6.27 53.3303
23 -6.27 53.3462
24 -6.2692 53.3645
25 -6.2688 53.3578
26 -6.266 53.3286
27 -6.2654 53.3415
28 -6.2651 53.3257
29 -6.2642 53.3487
30 -6.2568 53.3263
31 -6.2562 53.3617
32 -6.2517 53.355
33 -6.2463 53.3275
34 -6.2421 53.3334
35 -6.242 53.3596
36 -6.2416 53.352
37 -6.2415 53.3411
38 -6.2402 53.3569
39 -6.2364 53.3503
40 -6.235 53.3565
41 -6.233 53.3639
42 -6.2317 53.35
43 -6.2266 53.3443
44 -6.2262 53.3416
45 -6.2256 53.3275
46 -6.2231 53.3269
47 -6.2225 53.3379
48 -6.2132 53.341
49 -6.213 53.3252
DEPOT_SECTION:
0
-1
DEMAND_SECTION
0 1
1 1
2 3
3 2
4 1
5 3
6 2
7 3
8 3
9 2
10 1
11 3
12 3
13 2
14 2
15 2
16 3
17 2
18 1
19 1
20 1
21 3
22 3
23 2
24 2
25 2
26 3
27 1
28 3
29 3
30 2
31 2
32 1
33 1
34 3
35 1
36 3
37 1
38 3
39 1
40 1
41 3
42 3
43 2
44 2
45 3
46 3
47 3
48 3
49 3
EDGE_WEIGHT_SECTION
[[   0. 2444. 2323. 1036.  855. 1594. 1006. 1059. 1827. 1019. 1582. 1402.
  1875.  301. 1892. 1765. 1418. 1715. 1692. 1582. 1838.  475. 1422. 1187.
   334. 1105. 1361. 1537.  735.  766.  651. 1804. 2245. 1266. 1039.  673.
  1028. 1228. 1635. 1922. 1983.  995. 1967.  743. 1824. 1076.  571. 1317.
  1281. 1529.]
 [1839.    0.  323.    0.    0.  977.    0.    0.    0.    0.    0.    0.
   473.    0.    0.    0.  752.    0.    0.    0.    0.    0. 1081.    0.
     0.    0.    0.    0.    0.    0.    0.    0.    0.    0.    0.    0.
     0.    0.    0.    0.  379.    0.    0.    0.    0.    0.    0.    0.
     0. 1206.]
 [1750.  323.    0.    0.    0.  980.    0.    0.    0.    0.    0.    0.
   414.    0.    0.    0.  755.    0.    0.    0.    0.    0.    0.    0.
     0.    0.    0.    0.    0.    0.    0.    0.   88.    0.    0.    0.
     0.    0.    0.    0.  380.    0.    0.    0.    0.    0.    0.    0.
     0.    0.]
 [ 781.    0.    0.    0.    0.    0.    0.    0.    0.    0.  682.  275.
     0.    0.    0.  762.    0.    0.    0.  420.    0.    0.    0.    0.
     0.    0.    0.    0.    0.    0.    0.  519.    0.    0.    0.    0.
     0.    0.    0.    0.    0.   27.  643.    0.    0.    0.    0.    0.
     0.    0.]
 [ 643.    0.    0.    0.    0. 1070.  741.  147.  756.  226.  548.    0.
  1028.  505.  934.  685.    0.  650.  633.  486.  892.  621.  938.  398.
   387.  188.  760.    0.  794.  305.  563.  690. 1104.  327.  129.  504.
   285.  333.  740.  803.    0.  142.  771.  411.  733.  618.  278.  733.
   830. 1019.]
 [1202.  977.  980.    0. 1070.    0.  600. 1086.    0.  957. 1450.    0.
   577. 1043.  915.    0.  382.    0.    0.    0.  875.  991.  210.  773.
  1175.    0.    0.    0.  865.  964.  827.    0.  955. 1113. 1126.  914.
   862.  852.  643.    0.  681.    0.    0.  827. 1350.  552. 1172.  463.
   298.  332.]
 [ 762.    0.    0.    0.  741.  600.    0.  843.    0.  648. 1184.    0.
   849.  592.  863.    0.    0.    0.    0.    0.  823.  446.  531.  587.
   659.    0.  463. 1116.  267.  560.  289.    0.    0.  849.  832.  508.
   517.  673.  674.    0.    0.    0.    0.  396.    0.  334.  657.  386.
   323.  547.]
 [ 796.    0.    0.    0.  251. 1086.  843.    0.  607.  285.  391.  484.
     0.    0.  933.  548.    0.  454.  440.  461.  891.    0.  956.  403.
     0.  195.  793.  366.  893.  408.  664.  557.  919.  142.   99.  606.
   411.  239.  652.  652.  904.    0.  630.  516.  609.  700.    0.  763.
   910. 1064.]
 [1374.    0.    0.    0.  756.    0.    0.  607.    0.  706.  747. 1120.
     0.    0.  419. 1000.    0.  475.  459.  942.  374.    0.    0.  685.
  1172.    0.    0.  567. 1114.  815.  885. 1073.  393.  683.  713.  978.
   714.  485.  301.  237.  358.    0. 1147.  890.  477.    0. 1048.    0.
     0.    0.]
 [ 767.    0.    0.    0.  226.  957.  648.  285.  706.    0.  691.    0.
   921.  629.  855.    0.    0.  640.  622.    0.  814.  672.  825.  286.
   495.    0.  649.  552.  727.  261.  493.    0. 1012.  303.  339.  492.
   190.  260.  695.    0.    0.    0.    0.  391.  722.  585.  446.  621.
   740.  934.]
 [1191.    0.    0.  682.  548. 1450. 1184.  391.  747.  691.    0.  500.
     0.    0. 1080.  332.    0.  441.  428.  328. 1037.    0. 1318.  812.
     0.  457. 1213.  380. 1361.    0. 1069.  470. 1067.  468.    0. 1064.
   774.  618.  987.  737. 1046.    0.  549.  968.  556. 1137.    0. 1196.
  1273. 1427.]
 [1057.    0.    0.  275.    0.    0.    0.  484. 1120.    0.  500.    0.
     0.    0.    0.  498.    0.  812.  795.  217.    0.    0.    0.    0.
     0.  347.    0.  709.    0.    0.    0.  403. 1445.    0.  521.    0.
     0.    0.    0. 1108. 1416.    0.  527.    0.  922.    0.    0.    0.
     0.    0.]
 [1407.  473.  414.    0. 1028.  577.  849.    0.    0.  921.    0.    0.
     0. 1255.    0.    0.  353.    0.    0.    0.  213. 1182.  681.  786.
  1369.    0.    0.    0. 1040. 1017.  973.    0.  445.    0.    0. 1070.
   918.    0.    0.    0.  121.    0.    0.  981.    0.  730. 1258.  486.
   755.  807.]
 [ 229.    0.    0.    0.  505. 1043.  592.    0.    0.  629.    0.    0.
  1255.    0. 1267.    0.    0. 1151. 1135.    0. 1226.  193.  913.  761.
   167.    0.  868. 1018.  397.  439.  335. 1130.    0.  815.    0.  349.
   571.  788. 1073. 1310.    0.  609. 1254.  403. 1234.  653.  286.  834.
   807.  994.]
 [1425.    0.    0.    0.  934.  915.  863.  933.  419.  855. 1080.    0.
     0. 1267.    0. 1333.    0.  806.  791. 1275.  116. 1207.  786.  733.
  1325.    0.  485.  830. 1059. 1029.  931. 1406.    0.  948.  961. 1026.
   922.  708.  311.    0.    0.    0. 1480. 1009.  754.  739. 1199.  474.
   773.  892.]
 [1328.    0.    0.  762.  685.    0.    0.  548. 1000.    0.  332.  825.
     0.    0. 1333.    0.    0.  694.  680.  381. 1291.    0.    0.    0.
     0.  623.    0.  644.    0.    0.    0.  359. 1320.  739.    0.    0.
     0.    0. 1236.  990. 1299.    0.  206.    0.  808.    0.    0.    0.
     0.    0.]
 [1066.  752.  755.    0.    0.  382.    0.    0.    0.    0.    0.    0.
   353.    0.    0.    0.    0.    0.    0.    0.    0.    0.  491.    0.
     0.    0.   51.    0.    0.    0.    0.    0.  728.    0.    0.    0.
     0.    0.    0.    0.  462.    0.    0.    0.    0.    0.    0.    0.
     0.  623.]
 [1290.    0.    0.    0.  650.    0.    0.  454.  475.  640.  441.  812.
     0. 1151.  806.  694.    0.    0.   77.  635.  765.    0.    0.    0.
  1095.  622.    0.  254.    0.    0.    0.  767.  800.  423.    0.    0.
     0.  368.  640.  505.  773.    0.  842.    0.  292.    0.  969.    0.
     0.    0.]
 [1272.    0.    0.    0.  633.    0.    0.  440.  459.  622.  428.  795.
     0. 1135.  791.  680.    0.   77.    0.  620.  750.    0.    0.    0.
  1078.  608.    0.  236.    0.    0.    0.  752.  783.  405.    0.    0.
     0.  352.  624.  481.  758.    0.  828.    0.  272.    0.  952.    0.
     0.    0.]
 [1196.    0.    0.  420.  486.    0.    0.  461.  942.    0.  328.  355.
     0.    0. 1275.  381.    0.  635.  620.    0. 1233.    0.    0.    0.
     0.  324.    0.  527.    0.    0.    0.  256. 1266.    0.  498.    0.
     0.    0. 1193.  931. 1240.    0.  340.    0.  748.    0.    0.    0.
     0.    0.]
 [1384.    0.    0.    0.  892.  875.  823.  891.  374.  814. 1037.    0.
   213. 1226.  116. 1291.    0.  765.  750. 1233.    0. 1168.  746.  691.
  1284.    0.  443.  788. 1020.  923.  891. 1364.    0.  906.  920.  985.
   820.  665.  243.    0.  112.    0. 1438.  964.  713.  698. 1158.  432.
   733.  853.]
 [ 358.    0.    0.    0.  621.  991.  732.    0.    0.  672.    0.    0.
  1182.  193. 1207.    0.    0.    0.    0.    0. 1168.    0.  860.    0.
   298.    0.  803. 1077.  263.  485.  272.    0.    0.  874.    0.  291.
   593.    0. 1024.    0.    0.  729.    0.  340.    0.  596.  352.  776.
   752.  942.]
 [1072. 1081.    0.    0.  938.  210.  531.  956.    0.  825. 1318.    0.
   681.  913.  786.    0.  491.    0.    0.    0.  746.  860.    0.  642.
  1044.    0.  341.    0.  719.  831.  695.    0.    0.  981.  995.  782.
   731.  720.  526.    0.  783.    0.    0.  696. 1218.  413. 1041.  316.
   238.  318.]
 [ 897.    0.    0.    0.  398.  773.  587.  403.  685.  286.  812.    0.
   786.  761.  733.    0.    0.    0.    0.    0.  691.    0.  642.    0.
   675.    0.  509.  645.  712.  299.  438.    0. 1003.  418.  464.    0.
   283.  277.  576.  794.    0.    0.    0.  343.    0.  410.  530.  519.
   629.  750.]
 [ 254.    0.    0.    0.  663. 1175.  659.    0. 1172.  841.    0.    0.
  1369.  167. 1325.    0.    0. 1095. 1078.    0. 1284.  298. 1044.  675.
     0.    0.  990.  962.  523.  562.  458. 1075. 1482.  758.    0.  425.
   757.  730. 1132. 1252.    0.  554. 1199.  477. 1177.  781.  255.  962.
   937. 1126.]
 [ 830.    0.    0.    0.  320.    0.    0.  195.    0.    0.  457.  347.
     0.    0.    0.  623.    0.  622.  608.  324.    0.    0.    0.    0.
     0.    0.    0.  575.    0.    0.    0.  525.    0.    0.  234.    0.
     0.    0.    0.    0.    0.    0.  603.    0.    0.    0.    0.    0.
     0.    0.]
 [1024.    0.    0.    0.  760.    0.  463.  793.    0.  649. 1213.    0.
     0.  868.  485.    0.   51.    0.    0.    0.  443.  803.  341.  509.
   990.    0.    0.    0.  660.  733.  635.    0.    0.  808.  822.  695.
   707.  556.  281.    0.    0.    0.    0.  661.    0.  340.  990.   87.
   330.  434.]
 [1157.    0.    0.    0.    0.    0. 1116.  366.  567.  552.  380.  709.
     0. 1018.  830.  644.    0.  254.  236.  527.  788. 1077.    0.  645.
   962.  575.    0.    0. 1129.  705.  919.  657.  822.  334.    0.  949.
   650.  373.  712.  560.  796.    0.  730.  824.  348.  974.  836.    0.
     0.    0.]
 [ 553.    0.    0.    0.  794.  865.  437.  893. 1114.  727. 1361.    0.
  1040.  397. 1059.    0.    0.    0.    0.    0. 1020.  263.  719.  712.
   523.    0.  660. 1129.    0.  540.  336.    0. 1441.  927.  883.  349.
   642.  798.  871. 1285.    0.    0.    0.  391.    0.  525.  520.  559.
   616.  812.]
 [ 576.    0.    0.    0.  305.  964.  560.  408.  815.  261.    0.    0.
  1017.  439. 1029.    0.    0.    0.    0.    0.  923.  485.  831.  299.
   330.    0.  733.  705.  540.    0.  291.    0. 1120.  450.  396.  217.
   178.  399.  819.    0.    0.  394.    0.  165.    0.  510.  220.  698.
   724.  914.]
 [ 490.    0.    0.    0.  563.  827.  480.  664.  885.  493. 1069.    0.
   973.  335.  931.    0.    0.    0.    0.    0.  891.  272.  695.  438.
   458.    0.  635.  919.  336.  291.    0.    0. 1207.  670.  653.  236.
   524.  534.  742.  993.    0.    0.    0.  162.    0.  372.  456.  609.
   588.  777.]
 [1365.    0.    0.  519.  690.    0.    0.  557. 1073.    0.  470.  403.
     0. 1130. 1406.  359.    0.  767.  752.  256. 1364.    0.    0.    0.
  1075.  525.    0.  657.    0.    0.    0.    0. 1395.    0.  703.    0.
     0.    0. 1317. 1063. 1372.    0.  226.    0.  880.    0.  948.    0.
     0.    0.]
 [1691.    0.   53.    0. 1104.  955.    0.  919.  393. 1012. 1067. 1445.
   445.    0.    0. 1320.  728.  800.  783. 1266.    0.    0.    0. 1003.
  1482.    0.    0.  822. 1441. 1120. 1207. 1395.    0. 1012. 1029. 1296.
  1017.  805.  563.  500.  346.    0. 1467. 1210.  790.    0. 1356.    0.
     0.    0.]
 [ 953.    0.    0.    0.  327. 1113.  849.  142.  683.  303.  468.    0.
     0.  815.  948.  739.    0.  423.  405.    0.  906.  874.  981.  418.
   758.    0.  808.  334.  927.  450.  670.    0. 1012.    0.    0.  703.
   406.  247.  804.  696.  977.    0.    0.  605.  563.  722.  632.  779.
   935. 1090.]
 [ 781.    0.    0.    0.  219. 1126.  832.   99.  713.  339.    0.  521.
     0.    0.  961.    0.    0.    0.    0.  498.  920.    0.  995.  464.
     0.  234.  822.    0.  883.  396.  653.  703. 1029.    0.    0.  595.
   388.  340.  764.  759.    0.    0.  785.  503.    0.  713.    0.  856.
   925. 1104.]
 [ 506.    0.    0.    0.  504.  914.  508.  606.  978.  492. 1064.    0.
  1070.  349. 1026.    0.    0.    0.    0.    0.  985.  291.  782.    0.
   425.    0.  695.  949.  349.  366.  236.    0. 1296.  703.  595.    0.
   582.    0.  832.    0.    0.    0.    0.  131.    0.  464.  423.  746.
   676.  864.]
 [ 778.    0.    0.    0.  285.  862.  517.  411.  714.  190.  774.    0.
   918.  571.  922.    0.    0.    0.    0.    0.  820.  593.  731.  165.
   444.    0.  707.  650.  642.  178.  318.    0. 1017.  406.  388.  354.
     0.  292.  712.    0.    0.    0.    0.  241.    0.  412.  335.  674.
   624.  813.]
 [ 925.    0.    0.    0.  333.  852.  673.  239.  485.  260.  618.    0.
     0.  788.  708.    0.    0.  368.  352.    0.  665.    0.  720.  277.
   730.    0.  556.  373.  798.  399.  534.    0.  805.  247.  340.    0.
   292.    0.  543.  532.    0.    0.    0.  442.  453.  528.  604.  525.
   708.  829.]
 [1233.    0.    0.    0.  740.  643.  674.  652.  301.  695.  987.    0.
     0. 1073.  311. 1236.    0.  640.  624. 1193.  243. 1024.  526.  576.
  1132.    0.  281.  712.  871.  819.  742. 1317.  563.  804.  764.  832.
   712.  543.    0.  522.  341.    0. 1381.  806.  643.  549. 1005.  273.
   515.  622.]
 [1445.    0.    0.    0.  803.    0.    0.  652.  237.    0.  737. 1108.
     0. 1310.    0.  990.    0.  505.  481.  931.    0.    0.    0.  794.
  1252.    0.    0.  560. 1285.    0.  993. 1063.  500.  696.  759.    0.
     0.  532.  522.    0.    0.    0. 1137.    0.  406.  983. 1126.    0.
     0.    0.]
 [1492.  379.  380.    0.    0.  681.    0.  904.  358.    0. 1046. 1416.
   121.    0.    0. 1299.  462.  773.  758. 1240.  112.    0.  783.    0.
     0.    0.    0.  796.    0.    0.    0. 1372.  346.  977.    0.    0.
     0.    0.  341.    0.    0.    0. 1446.    0.  721.    0.    0.    0.
     0.    0.]
 [ 749.    0.    0.   45.  236.    0.    0.    0.    0.    0.    0.    0.
     0.  609.    0.    0.    0.    0.    0.    0.    0.  729.    0.    0.
   554.    0.    0.    0.    0.  394.    0.    0.    0.    0.    0.    0.
     0.    0.    0.    0.    0.    0.    0.    0.    0.    0.  428.    0.
     0.    0.]
 [1488.    0.    0.  643.  771.    0.    0.  630. 1147.    0.  549.  527.
     0. 1254. 1480.  206.    0.  842.  828.  340. 1438.    0.    0.    0.
  1199.  603.    0.  730.    0.    0.    0.  226. 1467.    0.  785.    0.
     0.    0. 1381. 1137. 1446.    0.    0.    0.  956.    0. 1072.    0.
     0.    0.]
 [ 558.    0.    0.    0.  411.  827.  396.  516.  890.  391.  968.    0.
   981.  403. 1009.    0.    0.    0.    0.    0.  964.  340.  696.  343.
   477.    0.  661.  824.  391.  272.  162.    0. 1210.  605.  503.  131.
   394.  442.  806.    0.    0.    0.    0.    0.    0.  376.    0.  628.
   589.  778.]
 [1372.    0.    0.    0.  733. 1350.    0.  609.  477.  722.  556.  922.
     0. 1234.  754.  808.    0.  292.  272.  748.  713.    0. 1218.    0.
  1177.    0.    0.  348.    0.    0.    0.  880.  790.  563.    0.    0.
     0.  453.  643.  406.  721.    0.  956.    0.    0.    0. 1051.    0.
  1206. 1328.]
 [ 810.    0.    0.    0.  618.  552.  334.  700.    0.  585. 1137.    0.
   730.  653.  739.    0.    0.    0.    0.    0.  698.  596.  413.  410.
   781.    0.  340.  974.  525.  510.  372.    0.    0.  722.  713.  464.
   412.  528.  549.  983.    0.    0.    0.  376.    0.    0.  751.  341.
   285.  475.]
 [ 434.    0.    0.    0.  477. 1172.  657.    0. 1048.  446.    0.    0.
  1258.  286. 1199.    0.    0.  969.  952.    0. 1158.  352. 1041.  530.
   150.    0.  990.  836.  520.  376.  456.  948. 1356.  632.    0.  423.
   571.  604. 1005. 1126.    0.  428. 1072.    0. 1051.  751.    0.  960.
   934. 1123.]
 [ 992.    0.    0.    0.  733.  463.  386.  763.    0.  621. 1196.    0.
   486.  834.  474.    0.    0.    0.    0.    0.  432.  776.  316.  519.
   962.    0.   87.    0.  559.  698.  609.    0.    0.  779.  856.  746.
   674.  525.  273.    0.    0.    0.    0.  628.    0.  341.  960.    0.
   306.  413.]
 [ 966.    0.    0.    0.  830.  298.  323.  910.    0.  740. 1273.    0.
   755.  807.  773.    0.    0.    0.    0.    0.  733.  752.  238.  629.
   937.    0.  330.    0.  616.  724.  588.    0.    0.  935.  925.  676.
   624.  708.  515.    0.    0.    0.    0.  589. 1206.  285.  934.  306.
     0.  262.]
 [1153. 1206.    0.    0. 1019.  332.  547. 1064.    0.  934. 1427.    0.
   807.  994.  892.    0.  623.    0.    0.    0.  853.  942.  318.  750.
  1126.    0.  434.    0.  812.  914.  777.    0.    0. 1090. 1104.  864.
   813.  829.  622.    0.    0.    0.    0.  778. 1328.  475. 1123.  413.
   262.    0.]]
EOF
