NAME:  DC_co_h_wep_n20
COMMENT: Generated by Finucane, Fulcher, O'Sullivan, and Seth (2021)TYPE:  GVRP
DIMENSION:  20
CAPACITY:  100
EDGE_TYPE:  DIRECTED
EDGE_WEIGHT_TYPE:  EXPLICIT
EDGE_WEIGHT_FORMAT:  SPARSE_MATRIX
NODE_COORD_TYPE:  TWOD_COORDS
NODE_COORD_SECTION
0 -6.315 53.33
1 -6.3146 53.3396
2 -6.3125 53.3306
3 -6.2904 53.3637
4 -6.287 53.3637
5 -6.2849 53.3497
6 -6.2785 53.3588
7 -6.2654 53.3415
8 -6.2642 53.3601
9 -6.2615 53.3287
10 -6.2612 53.3648
11 -6.2611 53.3519
12 -6.2607 53.3584
13 -6.2579 53.3634
14 -6.2571 53.3277
15 -6.2498 53.3543
16 -6.2481 53.3461
17 -6.2276 53.3468
18 -6.2243 53.3264
19 -6.2183 53.3638
DEPOT_SECTION:
0
-1
DEMAND_SECTION
0 1
1 2
2 3
3 2
4 3
5 1
6 3
7 1
8 1
9 3
10 3
11 3
12 3
13 3
14 2
15 2
16 3
17 1
18 2
19 1
EDGE_WEIGHT_SECTION
[[   0.  806. 1483. 2032. 1254. 1661. 1954. 1783. 1912.  962. 1859. 1594.
  1590. 1693.  895. 1156. 1741.  955. 1064. 1944.]
 [ 628.    0.  604. 1400.  396.  714.    0.  767. 1508.  900.    0.  916.
     0.  699.  883.  527.    0.  325.  615. 1533.]
 [1168.  604.    0. 1214.  251.  845.    0.  341. 1290.  869.    0.  533.
   246.  239.    0.  291.    0.  604.  488. 1314.]
 [1597. 1400. 1214.    0.    0. 1891. 1120. 1401.  465.  984. 1055.  664.
  1228. 1330.  923. 1050. 1016. 1139.  901.  713.]
 [ 987.  396.  251.    0.    0.  709.    0.  452.    0.  861.    0.    0.
     0.  381.  846.  271.    0.  409.  468.    0.]
 [1301.  714.  845. 1891.  709.    0.    0.    0. 1976. 1539.    0. 1288.
   917.  779. 1524.    0.    0.  959. 1139. 1998.]
 [1532.    0.    0. 1120.    0.    0.    0.  629. 1355. 1200.  125.  432.
   440.    0. 1133.  627.  434.    0.  865. 1373.]
 [1404.  767.  206. 1401.  452.    0.  629.    0. 1473.    0.  543.  719.
   256.  177.    0.  434.  505.    0.  733. 1496.]
 [1500. 1508. 1290.  465.    0. 1976. 1355. 1473.    0.  899. 1289.  900.
  1303. 1403.  834. 1265. 1251. 1339.  853.  102.]
 [ 760.  900.  869.  984.  861. 1539. 1200.    0.  899.    0. 1139.  844.
     0.    0.   74.  676. 1120.  660.  398.  924.]
 [1457.    0.    0. 1055.    0.    0.   75.  543. 1289. 1139.    0.  414.
   367.  568. 1072.  553.  323.    0.  804. 1308.]
 [1251.  916.  533.  664.    0. 1288.  432.  719.  900.  844.  414.    0.
   546.  648.  777.  448.  381.  710.  508.  921.]
 [1252.    0.   33. 1228.    0.  917.  440.  256. 1303.    0.  367.  546.
     0.  172.    0.  260.  273.    0.  561. 1326.]
 [1333.  699.  144. 1330.  381.  779.    0.  177. 1403.    0.  568.  648.
   172.    0.    0.  362.    0.    0.  661. 1425.]
 [ 704.  883.    0.  923.  846. 1524. 1133.    0.  834.   74. 1072.  777.
     0.    0.    0.    0. 1123.  641.  330.  860.]
 [ 906.  527.  167. 1050.  162.    0.  627.  434. 1265.  676.  553.  448.
   260.  362.    0.    0.  466.  318.  295. 1292.]
 [1366.    0.    0. 1016.    0.    0.  253.  505. 1251. 1120.  185.  381.
   273.    0. 1123.  466.    0.    0.  759. 1272.]
 [ 752.  325.  357. 1139.  244.  959.    0.    0. 1339.  660.    0.  710.
     0.    0.  641.  318.    0.    0.  330. 1367.]
 [ 834.  615.  488.  901.  468. 1139.  865.  733.  853.  398.  804.  508.
   561.  661.  330.  295.  759.  330.    0.  879.]
 [1525. 1533. 1314.  427.    0. 1998. 1373. 1496.   11.  924. 1308.  921.
  1326. 1425.  860. 1292. 1272. 1367.  879.    0.]]
EOF
