NAME:  DC_co_h_wep_n50
COMMENT: Generated by Finucane, Fulcher, O'Sullivan, and Seth (2021)
TYPE:  GVRP
DIMENSION:  50
CAPACITY:  100
EDGE_TYPE:  DIRECTED
EDGE_WEIGHT_TYPE:  EXPLICIT
EDGE_WEIGHT_FORMAT:  SPARSE_MATRIX
NODE_COORD_TYPE:  TWOD_COORDS
NODE_COORD_SECTION
0 -6.3164 53.3338
1 -6.3077 53.3394
2 -6.3058 53.3273
3 -6.3049 53.36
4 -6.3047 53.3613
5 -6.3039 53.339
6 -6.3028 53.3284
7 -6.3028 53.3353
8 -6.3027 53.329
9 -6.3027 53.3592
10 -6.299 53.3365
11 -6.298 53.341
12 -6.297 53.358
13 -6.2962 53.3543
14 -6.2953 53.3643
15 -6.2934 53.3614
16 -6.2926 53.3487
17 -6.2883 53.3304
18 -6.2858 53.332
19 -6.2841 53.3627
20 -6.2803 53.3419
21 -6.2791 53.3428
22 -6.2751 53.3608
23 -6.2714 53.3603
24 -6.2701 53.3312
25 -6.2698 53.3592
26 -6.2686 53.334
27 -6.2679 53.3568
28 -6.2669 53.3542
29 -6.2668 53.3569
30 -6.264 53.3262
31 -6.2585 53.3453
32 -6.2579 53.3556
33 -6.2571 53.3575
34 -6.2533 53.3326
35 -6.2494 53.3537
36 -6.2493 53.3441
37 -6.2482 53.3533
38 -6.2432 53.361
39 -6.2424 53.3602
40 -6.2419 53.3639
41 -6.2408 53.3442
42 -6.2392 53.3358
43 -6.2391 53.3387
44 -6.2389 53.3258
45 -6.2338 53.3396
46 -6.2322 53.3347
47 -6.2244 53.3378
48 -6.2205 53.363
49 -6.2153 53.3354
DEPOT_SECTION:
0
-1
DEMAND_SECTION
0 3
1 3
2 1
3 2
4 2
5 1
6 2
7 3
8 1
9 2
10 2
11 1
12 2
13 1
14 3
15 3
16 3
17 1
18 2
19 3
20 1
21 1
22 2
23 2
24 1
25 3
26 1
27 3
28 2
29 2
30 2
31 3
32 3
33 3
34 1
35 2
36 1
37 1
38 2
39 1
40 3
41 3
42 2
43 3
44 3
45 3
46 3
47 2
48 1
49 1
EDGE_WEIGHT_SECTION
[[   0.  865.  697.  654.  539. 1521.   62. 1270.  536.  886. 1021. 1236.
   757.  922.  830. 1411.  956. 1312.  453.  810. 1059.  961. 1132. 1224.
   886.  623. 1345. 1087.  831. 1018.  943.  908.  603.  940. 1088. 1203.
   885.  558.  861.  908. 1051.  695.  784. 1053.  906. 1846.  586.  806.
  1063. 1008.]
 [ 601.    0.    0.  861.    0. 1390.    0.    0.    0.    0.    0. 1154.
     0.    0.    0.    0.    0.    0.  651.  168.    0.    0.    0.    0.
     0.  167.    0.    0.    0.    0.    0.    0.  570.    0. 1046.  299.
   221.    0.    0.    0.    0.  284.    0. 1011.    0.    0.  350.  688.
     0. 1040.]
 [ 483.    0.    0.  618.  753.    0.  441.    0.  276.  131.  338.    0.
   886.    0.   89.    0. 1072.  522.  619.  941.  767.  528.  818.  462.
     0.  796.    0.  786.  609.    0.  195.  663.    0.    0.  908.    0.
  1027.  474.  192.    0.    0.  914.  399.  654.    0.    0.  837.  773.
     0.    0.]
 [ 447.  861.  618.    0.    0.  654.  437.    0.  348.  703.  724.  468.
     0.    0.  676.    0.  913.    0.  283.    0. 1122.  441. 1172.    0.
     0.    0.    0. 1142.  968.  655.    0. 1020.  313.    0.  314. 1067.
   865.  787.  736. 1021.    0.  615.  406.  278.    0.    0.  540.  315.
     0.  307.]
 [ 374.    0.  753.    0.    0.    0.  332.    0.    0.    0.  977.    0.
   312.  774.  794.    0.    0. 1177.    0.  283.  894.    0.  945. 1116.
   770.  318.    0.  913.  736.  974.    0.  789.    0.    0.    0.    0.
     0.  490.  864.  789.    0.    0.    0.    0.    0.    0.    0.    0.
     0.    0.]
 [1045. 1390.    0.  654.    0.    0.    0.    0.    0.    0.    0.  308.
     0.    0.    0.    0. 1448.  880.    0.    0.    0.  435.    0.  870.
     0.    0.  129.    0.    0.    0.    0.    0.  903.    0.  552. 1605.
  1396.    0.    0.    0.    0. 1148.  571.    0.    0.  964.    0.  929.
     0.    0.]
 [  43.    0.  441.  437.  332.    0.    0.    0.  329.    0.  666.    0.
   509.  596.  534.    0.  644.  866.  301.  521.  691.    0.  742.  805.
   568.  416.    0.  710.  533.  663.    0.  586.    0.    0.    0.    0.
   595.  344.  553.  585.    0.  470.    0.  685.    0.    0.  394.    0.
     0.  653.]
 [ 879.    0.    0.    0.    0.    0.    0.    0.    0.    0.    0.  154.
     0.    0.    0.    0.    0.    0.    0.    0.    0.  190.    0.    0.
     0.    0.  192.    0.    0.    0.    0.    0.    0.    0.    0.    0.
     0.    0.    0.    0.    0.    0.  359.  159.    0.    0.    0.    0.
     0.  137.]
 [ 370.    0.  276.  348.    0.    0.  329.    0.    0.  362.  324.    0.
   783.    0.  335.    0.  867.    0.  355.    0.  939.  315.  989.    0.
     0.  696.    0.  958.  782.  321.    0.  835.  452.    0.  637.    0.
   815.  597.  333.    0.    0.  691.  172.  382.    0.    0.  618.  531.
     0.    0.]
 [ 614.    0.  131.  703.    0.    0.    0.    0.  362.    0.  411.    0.
     0.    0.  133.    0.    0.  577.    0.    0.    0.  617.    0.  516.
     0.    0.    0.    0.    0.    0.  242.    0.    0.  207.  994.    0.
     0.    0.  232.    0.    0.    0.  486.  737.    0.    0.    0.    0.
     0.    0.]
 [ 707.    0.  338.  724.  977.    0.  666.    0.  324.  411.    0.    0.
  1115.    0.  382.    0. 1194.  324.    0. 1165.    0.  355.    0.  262.
     0. 1026.    0.    0.    0.   58.  210.    0.    0.  452.  872.    0.
  1143.  750.  182.    0.    0. 1027.  305.  639.    0.  667.  953.    0.
     0.  571.]
 [ 852. 1154.    0.  468.    0.  308.    0.  154.    0.    0.    0.    0.
     0.    0.    0.    0. 1210.    0.    0.    0.    0.    0.    0.    0.
     0.    0.  203.    0.    0.    0.    0.    0.  744.    0.  284. 1367.
  1159.    0.    0.    0.    0.  910.    0.  146.    0.    0.    0.  695.
     0.  144.]
 [ 526.    0.  886.    0.  312.    0.  509.    0.  783.    0. 1115.    0.
     0.  993.  975.    0.    0. 1315.  715.   65.    0.    0.    0. 1255.
     0.  150.    0.    0.    0. 1113.    0.    0.    0.    0.    0.    0.
     0.    0. 1004.    0.    0.    0.    0.    0.    0.    0.    0.    0.
     0. 1107.]
 [ 639.    0.    0.    0.  774.    0.  596.    0.    0.    0.    0.    0.
   993.    0.    0.    0. 1159.  669.  864.  964.  518.    0.  568.  880.
   166.  885.    0.  537.  361.  843.  340.  414.    0.  183.    0.    0.
  1110.  575.  339.  236.    0. 1039.    0.    0.    0.    0.  964.    0.
   283.    0.]
 [ 576.    0.   89.  676.  794.    0.  534.    0.  335.  133.  382.    0.
   975.    0.    0.    0. 1162.  587.  705.  983.    0.  589.    0.  525.
     0.  886.    0.    0.    0.    0.  234.    0.    0.   76.  967.    0.
  1117.  595.  221.    0.    0. 1000.  458.  710.    0.    0.  923.  861.
   170.    0.]
 [ 976.    0.    0.    0.    0.    0.    0.    0.    0.    0.    0.    0.
     0.    0.    0.    0.    0.    0.    0.    0.    0.    0.    0.  138.
     0.    0.    0.    0.    0.    0.    0.    0.    0.    0.    0.    0.
     0.    0.    0.    0.    0.    0.    0.    0.    0.  476.    0.    0.
     0.    0.]
 [ 659.    0. 1072.  913.    0. 1448.  644.    0.  867.    0. 1194. 1210.
     0. 1159. 1162.    0.    0. 1502.  702.    0.    0.    0.    0. 1442.
  1155.  347.    0.    0.    0. 1192.    0.    0.  697.    0. 1103.  345.
    60.    0. 1190. 1171.    0.  367.    0. 1068.    0.    0.  400.  745.
     0. 1097.]
 [ 907.    0.  522.    0. 1177.  880.  866.    0.    0.  577.  324.    0.
  1315.  669.  587.    0. 1502.    0.  986. 1365.    0.  470.    0.  105.
     0. 1226.    0.    0.    0.  270.  345.    0.    0.  601.    0.    0.
  1455.  973.  362.    0.    0. 1284.    0.    0.    0.  476. 1209.    0.
     0.    0.]
 [ 312.  651.  619.  283.    0.    0.  301.    0.  355.    0.    0.    0.
   715.  864.  705.    0.  702.  986.    0.    0.  970.  687. 1020.  925.
   850.    0.    0.  989.  812.    0.  760.  866.  104.    0.    0.  857.
   655.  629.  724.  865.    0.  405.  502.    0.    0.    0.  330.  286.
     0.  607.]
 [ 563.  168.  941.    0.  283.    0.  521.    0.    0.    0. 1165.    0.
    65.  964.  983.    0.    0. 1365.    0.    0.  962.    0. 1013. 1304.
   950.    0.    0.  981.  758. 1162.    0.  858.    0.    0.    0.  321.
   292.  529. 1052.  975.    0.    0.    0.    0.    0.    0.    0.    0.
     0.    0.]
 [ 733.    0.  767. 1122.  894.    0.  691.    0.  939.    0.    0.    0.
     0.  518.    0.    0.    0.    0.  970.  962.    0. 1218.  114.    0.
   510. 1000.    0.   75.  305.    0.    0.  191.    0.    0.    0.    0.
     0.  818.    0.  454.  488. 1138. 1088. 1288.    0.    0. 1026.    0.
     0. 1255.]
 [ 665.    0.  528.  441.    0.  435.    0.  190.  315.  617.  355.    0.
     0.    0.  589.    0.    0.  470.  687.    0. 1218.    0. 1268.  513.
     0.    0.    0. 1237. 1060.  326.  491. 1114.    0.    0.    0.    0.
     0.  875.  468.    0.    0.    0.  175.    0.    0.  868.    0.    0.
     0.  136.]
 [ 784.    0.  818. 1172.  945.    0.  742.    0.  989.    0.    0.    0.
     0.  568.    0.    0.    0.    0. 1020. 1013.  114. 1268.    0.    0.
   522. 1051.    0.   82.  341.    0.    0.  245.    0.    0.    0.    0.
     0.  892.    0.  508.  542. 1189. 1138. 1337.    0.    0. 1076.    0.
     0. 1305.]
 [ 847.    0.  462.    0. 1116.  870.  805.    0.    0.  516.  262.    0.
  1255.  528.  525.  138. 1442.  105.  925. 1304.    0.  513.    0.    0.
     0. 1166.    0.    0.    0.  284.  216.    0.    0.  540.    0.    0.
  1394.  913.  261.    0.    0. 1223.    0.    0.    0.  432. 1149.    0.
     0.    0.]
 [ 610.    0.    0.    0.  770.    0.  568.    0.    0.    0.    0.    0.
     0.  166.    0.    0. 1155.    0.  850.  950.  510.    0.  522.    0.
     0.  882.    0.  490.  343.    0.    0.  366.    0.    0.    0.    0.
  1106.  557.    0.  166.    0. 1015.    0.    0.    0.    0.  905.    0.
     0.    0.]
 [ 432.  167.  796.    0.  318.    0.  416.    0.  696.    0. 1026.    0.
   150.  885.  886.    0.  347. 1226.    0.    0. 1000.    0. 1051. 1166.
   882.    0.    0. 1020.  941. 1024.    0.  896.    0.    0.    0.  402.
   256.  682.  916.  896.    0.  290.    0.    0.    0.    0.  298.  689.
     0.    0.]
 [ 926.    0.    0.    0.    0.  129.    0.  192.    0.    0.    0.  203.
     0.    0.    0.    0.    0.    0.    0.    0.    0.    0.    0.    0.
     0.    0.    0.    0.    0.    0.    0.    0.    0.    0.  521.    0.
     0.    0.    0.    0.    0.    0.    0.  206.    0.  953.    0.    0.
     0.  232.]
 [ 752.    0.  786. 1142.  913.    0.  710.    0.  958.    0.    0.    0.
     0.  537.    0.    0.    0.    0.  989.  981.   75. 1237.   82.    0.
   490. 1020.    0.    0.  309.    0.    0.  211.    0.    0.    0.    0.
     0.  845.    0.  474.  508. 1157. 1107. 1307.    0.    0. 1045.    0.
     0. 1275.]
 [ 574.    0.  609.  968.  736.    0.  533.    0.  782.    0.    0.    0.
     0.  361.    0.    0.    0.    0.  812.  758.  305. 1060.  341.    0.
   343.  941.    0.  309.    0.    0.    0.  185.    0.    0.    0.    0.
     0.  525.    0.  333.  426.  980.  931. 1132.    0.    0.  868.    0.
     0. 1100.]
 [ 705.    0.    0.  655.  974.    0.  663.    0.  321.    0.   58.    0.
  1113.  505.    0.    0. 1192.  270.    0. 1162.    0.  326.    0.  284.
     0. 1024.    0.    0.    0.    0.  224.    0.    0.    0.  870.    0.
  1141.  827.    0.    0.    0. 1025.  303.  637.    0.  639.  951.    0.
     0.    0.]
 [ 652.    0.  195.    0.    0.    0.    0.    0.    0.  242.  351.    0.
     0.  340.  234.    0.    0.  345.  760.    0.    0.  491.    0.  371.
     0.    0.    0.    0.    0.  376.    0.    0.    0.  266.    0.    0.
     0.    0.   57.    0.    0. 1069.    0.    0.    0.    0.  992.  867.
     0.    0.]
 [ 628.    0.  663. 1020.  789.    0.  586.    0.  835.    0.    0.    0.
     0.  414.    0.    0.    0.    0.  866.  858.  191. 1114.  245.    0.
   366.  896.    0.  211.  185.    0.    0.    0.    0.    0.    0.    0.
     0.  668.    0.  344.  378. 1033.  984. 1185.    0.    0.  921.    0.
     0. 1153.]
 [ 416.  570.    0.  313.    0.  903.    0.    0.  452.    0.    0.  744.
     0.    0.    0.    0.  697.    0.  104.    0.    0.    0.    0.    0.
     0.    0.    0.    0.    0.    0.    0.    0.    0.    0.  627.  782.
   575.    0.    0.    0.    0.  326.  571.  523.    0.    0.  289.  261.
     0.  552.]
 [ 652.    0.    0.    0.    0.    0.    0.    0.    0.  207.  452.    0.
     0.  110.   76.    0.    0.  601.    0.    0.    0.    0.    0.  540.
     0.    0.    0.    0.    0.    0.  266.    0.    0.    0.    0.    0.
     0.    0.  253.    0.    0.    0.    0.    0.    0.    0.    0.    0.
   146.    0.]
 [ 746. 1046.  908.  314.    0.  552.    0.    0.  637.  994.  872.  284.
     0.    0.  967.    0. 1103.    0.    0.    0.    0.    0.    0.    0.
     0.    0.  521.    0.    0.  870.    0.    0.  627.    0.    0. 1260.
  1052.    0.  950.    0.    0.  803.  577.  366.    0.    0.    0.  617.
     0.  443.]
 [ 834.  299.    0. 1067.    0. 1605.    0.    0.    0.    0.    0. 1367.
     0.    0.    0.    0.  345.    0.  857.  321.    0.    0.    0.    0.
     0.  402.    0.    0.    0.    0.    0.    0.  782.    0. 1260.    0.
   359.    0.    0.    0.    0.  539.    0. 1225.    0.    0.  556.  902.
     0. 1254.]
 [ 611.  372. 1027.  865.    0. 1396.  595.    0.  815.    0. 1143. 1159.
     0. 1110. 1117.    0.   60. 1455.  655.  292.    0.    0.    0. 1394.
  1106.  425.    0.    0.    0. 1141.    0.    0.  575.    0. 1052.  359.
     0.    0. 1142. 1123.    0.  287.    0. 1017.   18.    0.  353.  694.
     0. 1046.]
 [ 386.    0.  474.  787.  490.    0.  344.    0.  597.    0.  750.    0.
     0.  575.  595.    0.    0.  973.  629.  529.  495.  875.  539.  913.
   557.  682.    0.  511.  318.  827.    0.  404.    0.    0.    0.    0.
     0.    0.    0.  583.    0.  792.  746.  949.    0.    0.  755.    0.
     0.  917.]
 [ 594.    0.  192.  736.  864.    0.  553.    0.  333.  232.  300.    0.
  1004.  339.  221.    0. 1190.  362.  724. 1052.    0.  468.    0.  438.
     0.  916.    0.    0.    0.    0.   57.    0.    0.  253.  950.    0.
  1142.    0.    0.    0.    0.  971.  383.  717.    0.    0.  897.    0.
     0.  649.]
 [ 627.    0.    0. 1021.  789.    0.  585.    0.    0.    0.    0.    0.
     0.  236.    0.    0. 1171.    0.  865.  975.  454.    0.  508.    0.
   166.  896.    0.  474.  333.    0.    0.  344.    0.    0.    0.    0.
  1123.  583.    0.    0.  106. 1033.    0.    0.    0.    0.  920.    0.
     0.    0.]
 [ 726.    0.    0.    0.    0.    0.    0.    0.    0.    0.    0.    0.
     0.    0.    0.    0.    0.    0.    0.    0.  488.    0.  542.    0.
     0.    0.    0.  508.  426.    0.    0.  378.    0.    0.    0.    0.
     0.    0.    0.  106.    0.    0.    0.    0.    0.    0.    0.    0.
     0.    0.]
 [ 481.  284.  914.  615.    0. 1148.  470.    0.  691.    0. 1027.  910.
     0. 1039. 1000.    0.  367. 1284.  405.    0. 1138.    0. 1189. 1223.
  1015.  290.    0. 1157.  980. 1025. 1069. 1033.  326.    0.  803.  539.
   287.  792.  971. 1033.    0.    0.  873.  768.    0.    0.  153.  446.
     0.  797.]
 [ 542.    0.  399.  406.    0.  571.    0.  359.  172.  486.  305.    0.
     0.    0.  458.    0.    0.    0.  502.    0. 1088.  175. 1138.    0.
     0.    0.    0. 1107.  931.  303.    0.  984.  571.    0.  577.    0.
     0.  746.  383.    0.    0.  873.    0.  339.    0.    0.  799.  638.
     0.  269.]
 [ 725. 1011.  654.  278.    0.    0.  685.  159.  382.  737.  639.  146.
     0.    0.  710.    0. 1068.    0.    0.    0. 1288.    0. 1337.    0.
     0.    0.  206. 1307. 1132.  637.    0. 1185.  523.    0.  366. 1225.
  1017.  949.  717.    0.    0.  768.  339.    0.    0.    0.    0.  550.
     0.  100.]
 [ 625.    0.    0.    0.    0.    0.    0.    0.    0.    0.    0.    0.
     0.    0.    0.    0.    0.    0.    0.    0.    0.    0.    0.    0.
     0.    0.    0.    0.    0.    0.    0.    0.    0.    0.    0.    0.
    18.    0.    0.    0.    0.    0.    0.    0.    0.    0.    0.    0.
     0.    0.]
 [1279.    0.    0.    0.    0.  964.    0.    0.    0.    0.  667.    0.
     0.    0.    0.  476.    0.  476.    0.    0.    0.  868.    0.  432.
     0.    0.  953.    0.    0.  639.    0.    0.    0.    0.    0.    0.
     0.    0.    0.    0.    0.    0.    0.    0.    0.    0.    0.    0.
     0.    0.]
 [ 405.  350.  837.  540.    0.    0.  394.    0.  618.    0.  953.    0.
     0.  964.  923.    0.  400. 1209.  330.    0. 1026.    0. 1076. 1149.
   905.  298.    0. 1045.  868.  951.  992.  921.  289.    0.    0.  556.
   353.  755.  897.  920.    0.  153.  799.    0.    0.    0.    0.  428.
     0.    0.]
 [ 554.  688.  773.  315.    0.  929.    0.    0.  531.    0.    0.  695.
     0.    0.  861.    0.  745.    0.  286.    0.    0.    0.    0.    0.
     0.  689.    0.    0.    0.    0.  867.    0.  261.    0.  617.  902.
   694.    0.    0.    0.    0.  446.  638.  550.    0.    0.  428.    0.
     0.  579.]
 [ 738.    0.    0.    0.    0.    0.    0.    0.    0.    0.    0.    0.
     0.  283.  170.    0.    0.    0.    0.    0.    0.    0.    0.    0.
     0.    0.    0.    0.    0.    0.    0.    0.    0.  146.    0.    0.
     0.    0.    0.    0.    0.    0.    0.    0.    0.    0.    0.    0.
     0.    0.]
 [ 693. 1040.    0.  307.    0.    0.  653.  230.    0.    0.  571.  238.
  1107.    0.    0.    0. 1097.    0.  607.    0. 1255.  230. 1305.    0.
     0.    0.  232. 1275. 1100.    0.    0. 1153.  552.    0.  443. 1254.
  1046.  917.  649.    0.    0.  797.  269.  163.    0.    0.    0.  579.
     0.    0.]]
EOF
