NAME:  m50_ce_h_wdp_n20
COMMENT: Generated by Finucane, Fulcher, O'Sullivan, and Seth (2021)
TYPE:  GVRP
DIMENSION:  20
CAPACITY:  100
EDGE_TYPE:  DIRECTED
EDGE_WEIGHT_TYPE:  EXPLICIT
EDGE_WEIGHT_FORMAT:  SPARSE_MATRIX
NODE_COORD_TYPE:  TWOD_COORDS
NODE_COORD_SECTION
0 -6.3863 53.4133
1 -6.3814 53.3151
2 -6.3699 53.3177
3 -6.3684 53.2863
4 -6.3549 53.3229
5 -6.3451 53.412
6 -6.321 53.3395
7 -6.3045 53.3932
8 -6.299 53.3363
9 -6.2969 53.3426
10 -6.2934 53.332
11 -6.2779 53.3265
12 -6.2571 53.3365
13 -6.2408 53.2648
14 -6.2407 53.3949
15 -6.2391 53.3387
16 -6.2215 53.3732
17 -6.1822 53.2555
18 -6.1788 53.4137
19 -6.1366 53.4096
DEPOT_SECTION:
0
-1
DEMAND_SECTION
0 0
1 2
2 1
3 1
4 1
5 3
6 1
7 3
8 2
9 2
10 1
11 1
12 3
13 2
14 2
15 3
16 1
17 1
18 3
19 1
EDGE_WEIGHT_SECTION
[[   0. 2921. 3232. 4422. 1707. 2971. 3147. 1348.  399. 3741.  524. 3905.
  3500. 1441. 1882. 4873.  852. 1114. 1297. 1025.]
 [2398.    0.  711. 1229. 1101.    0. 1327. 1373.    0. 2158.    0.    0.
  2662.    0.  970. 1602. 1700. 1570. 1362. 1474.]
 [2653.  711.    0. 1355. 1385.    0. 1118. 1679.    0. 1949.    0.    0.
  2453.    0. 1439. 1726. 1953. 1822. 1613. 1724.]
 [3629. 1229. 1355.    0.    0.    0. 2407.    0.    0. 3271.    0.    0.
  3773.    0.    0.  660.    0.    0.    0.    0.]
 [1400. 1101. 1385.    0.    0. 1642. 1543.  420. 1646. 2222.    0. 2275.
  2731. 2198.  348.    0.  898.  590.  566.  578.]
 [2438.    0.    0.    0. 2887.    0.    0. 2597. 2638.    0. 2734. 1088.
     0. 2414. 3050.    0. 3735. 3214.    0.    0.]
 [2584. 1327. 1118. 2407. 1543.    0.    0. 1704. 1916. 1054.    0. 3740.
  1529.    0. 1661. 2775. 1884. 1823. 1565. 1726.]
 [1104. 1373. 1679.    0.  420. 1499. 1704.    0. 1348. 2302.    0. 2493.
  2812. 1801.  563.    0.    0.    0.  634.  282.]
 [ 559.    0.    0.    0. 1646. 2638. 1916. 1348.    0.    0.  137. 2315.
  2796. 1005. 1784.    0. 1397. 1160.    0. 1086.]
 [3070. 2158. 1949. 3271. 2222.    0. 1054. 2302.    0.    0.    0. 4416.
  1292.    0. 2496. 3637. 2370. 2364. 2096. 2267.]
 [ 736.    0.    0.    0.    0. 2734.    0.    0.  239.    0.    0. 2381.
  2930.  889.    0.    0.    0.    0.    0.    0.]
 [3206.    0.    0.    0. 2275.  549. 3740. 2493. 2315. 4416. 2381.    0.
  4925. 2139. 2348.    0.    0.    0. 2741. 2421.]
 [2873. 2662. 2453. 3773. 2731.    0. 1529. 2812. 2796. 1292. 2930. 4925.
     0. 3715. 3000. 4140. 2569. 2916. 2602. 2774.]
 [1184.    0.    0.    0. 2198. 2414.    0. 1801. 1005.    0.  889. 2139.
  3715.    0. 2334.    0. 1877. 1736. 2080. 1661.]
 [1541.  970. 1439.    0.  348. 1777. 1661.  563. 1784. 2496.    0. 2348.
  3000. 2334.    0.    0. 1253.    0.  915.  719.]
 [3998. 1602. 1726.  660.    0.    0. 2775.    0.    0. 3637.    0.    0.
  4140.    0.    0.    0.    0.    0.    0.    0.]
 [ 700. 1700. 1953.    0.  898. 2160. 1884.    0.  818. 2370.    0.    0.
  2569. 1877. 1253.    0.    0.  381.  366.  491.]
 [ 913. 1570. 1822.    0.  590. 1856. 1823.    0. 1160. 2364.    0.    0.
  2916. 1736.    0.    0.  381.    0.  374.  140.]
 [1066. 1362. 1613.    0.  566.    0. 1565.  634.    0. 2096.    0. 2741.
  2602. 2080.  915.    0.  366.  374.    0.  484.]
 [ 840. 1474. 1724.    0.  578.    0. 1726.  282. 1086. 2267.    0. 2421.
  2774. 1661.  719.    0.  491.  140.  484.    0.]]
EOF
