NAME:  m50_co_h_wdp_n20
COMMENT: Generated by Finucane, Fulcher, O'Sullivan, and Seth (2021)
TYPE:  GVRP
DIMENSION:  20
CAPACITY:  100
EDGE_TYPE:  DIRECTED
EDGE_WEIGHT_TYPE:  EXPLICIT
EDGE_WEIGHT_FORMAT:  SPARSE_MATRIX
NODE_COORD_TYPE:  TWOD_COORDS
NODE_COORD_SECTION
0 -6.3909 53.3246
1 -6.3892 53.2952
2 -6.3814 53.3151
3 -6.3661 53.3846
4 -6.3639 53.414
5 -6.3572 53.2772
6 -6.3561 53.3505
7 -6.341 53.3237
8 -6.3191 53.4014
9 -6.3151 53.2652
10 -6.3097 53.3138
11 -6.3078 53.3418
12 -6.3068 53.3435
13 -6.2182 53.3091
14 -6.2147 53.2532
15 -6.214 53.414
16 -6.2039 53.2721
17 -6.1871 53.3974
18 -6.1429 53.2708
19 -6.1284 53.2572
DEPOT_SECTION:
0
-1
DEMAND_SECTION
0 3
1 1
2 3
3 2
4 1
5 1
6 2
7 2
8 1
9 2
10 3
11 2
12 1
13 3
14 3
15 2
16 2
17 2
18 3
19 1
EDGE_WEIGHT_SECTION
[[   0. 2430. 4226. 4136. 5338. 4568. 2995.  699. 1424. 2865. 1206. 2561.
  3226. 2369. 4903. 2035. 2451. 3067. 2043. 3282.]
 [2117.    0. 2294. 1863.    0. 2813.  939. 1716.  742. 2016. 2353. 1987.
  1381.   53. 2928. 1329. 2232.  815. 2608. 1441.]
 [3677. 2294.    0. 2067.    0.  506.    0. 3633.    0. 2377. 3843. 2140.
     0.    0. 1143. 2107. 3499. 2029. 4316. 1457.]
 [3600. 3196. 2067.    0. 3594. 2008. 2746. 2394.    0. 1564. 3764.    0.
  2501.    0. 3178. 1371. 3585. 2221. 4157. 3542.]
 [4652.    0.    0. 3594.    0. 1792.    0.    0.    0. 4071.    0.    0.
     0.    0.  380.    0.    0.    0.    0.    0.]
 [3974. 2813.  861. 2008. 3002.    0.    0. 3932.    0. 2569. 4276. 3295.
     0.    0. 2377. 3245. 3933. 2178. 4614.    0.]
 [2608.  939.    0. 1606.    0.    0.    0. 1451.  859. 1322. 2946. 1049.
   734.  976.    0.  502. 2832.  522. 2941. 1749.]
 [ 604. 1716. 3633. 2394.    0. 3932. 1451.    0.  841. 2897. 1606. 1705.
  2228. 1682. 4213. 1326. 2025. 2484. 1035. 2711.]
 [1230.  742.    0.    0.    0.    0.  859.  841.    0. 2121. 2970. 1790.
  1148.  731.    0. 1249. 2966.    0. 2204.    0.]
 [2475. 2016. 2377.  919. 4071. 2569. 1322. 2897. 2121.    0. 4061.  814.
  1833.    0.    0. 1191. 3800. 1427.    0. 2488.]
 [1041. 2353. 3843. 3764.    0. 4276. 2946. 1606. 2970. 4061.    0. 4061.
  3708. 2304. 3924. 3657.  835. 2859. 2964. 2827.]
 [2212. 1987. 2140.    0.    0. 3295. 1798. 1705. 1790.  814. 4061.    0.
     0. 2024. 4067.  719. 3942. 1421.    0.    0.]
 [2813. 1381.    0. 2501.    0.    0.  734. 2228. 1148. 1833. 3708.    0.
     0. 1418.    0.  682. 3586.    0. 3251.    0.]
 [2064.   53.    0.    0.    0.    0.  976. 1682.  731.    0. 2304. 2024.
  1418.    0.    0. 1366. 2227.    0. 2643.    0.]
 [4272. 2928. 1143. 3178.  380. 1366.    0. 4213.    0.    0. 3924. 4067.
     0.    0.    0.    0. 3896. 2861. 5063. 1514.]
 [1758. 1329. 2107. 1371.    0. 3245.  874. 1326. 1249. 1191. 3657.  719.
   682. 1366.    0.    0. 3532. 1066.    0.    0.]
 [2137. 2232. 3499. 3585.    0. 3933. 2832. 2025. 2966. 3800.  835. 3942.
  3586. 2227. 3896. 3532.    0. 2642. 3103. 2483.]
 [2673.  815. 2029. 1297.    0. 2178.  522. 2484.    0. 1427. 2859. 1421.
     0.    0. 2861. 1066. 2642.    0. 3171. 1533.]
 [1780. 2608. 4316. 4157.    0. 4614. 2941. 1035. 2204.    0. 2964.    0.
  3251. 2643. 5063.    0. 3103. 3171.    0. 3392.]
 [2859. 1441.  837. 2064.    0.    0. 1749. 2711.    0. 2488. 2827.    0.
     0.    0. 1514.    0. 2483. 1533. 3392.    0.]]
EOF
