NAME:  instance
COMMENT: this is testing the generating format
TYPE: GVRP
DIMENSION:  10
CAPACITY:  100
EDGE_TYPE: DIRECTED
EDGE_WEIGHT_TYPE:  EXPLICIT
EDGE_WEIGHT_FORMAT:  FULL_MATRIX
NODE_COORD_TYPE: TWOD_COORDS
NODE_COORD_SECTION
1 -6.4684 53.3872
2 -6.4118 53.4481
3 -6.3502 53.3493
4 -6.3256 53.2883
5 -6.3201 53.3461
6 -6.2828 53.382
7 -6.2721 53.2877
8 -6.2369 53.3072
9 -6.2178 53.2901
10 -6.1193 53.2515
DEPOT_SECTION:
0
-1
DEMAND_SECTION
1 1.0
2 1.0
3 1.0
4 1.0
5 1.0
6 1.0
7 1.0
8 1.0
9 1.0
10 1.0
EDGE_WEIGHT_SECTION
[[   0. 2354. 2707. 3151. 2355. 2674. 3710. 3853. 4305. 5107.]
 [2354.    0. 2544. 4051. 2793. 2447. 3711. 4231. 4021. 5398.]
 [2707. 2544.    0. 2121.  617. 1752. 2612. 2694. 2384. 4082.]
 [3151. 4051. 2121.    0. 1957. 2344. 1081. 1903. 2179. 3107.]
 [2355. 2793.  617. 1957.    0. 1428. 2200. 2133. 2802. 3688.]
 [2674. 2447. 1752. 2344. 1428.    0. 2281. 2693. 2407. 3934.]
 [3710. 3711. 2612. 1081. 2200. 2281.    0.  970. 1100. 2372.]
 [3853. 4231. 2694. 1903. 2133. 2693.  970.    0.  594. 3033.]
 [4305. 4021. 2384. 2179. 2802. 2407. 1100. 1046.    0. 2381.]
 [5107. 5398. 4082. 3107. 3688. 3934. 2372. 3033. 2381.    0.]]
EOF
