NAME:  instance
COMMENT: this is testing the generating format
TYPE: GVRP
DIMENSION:  50
CAPACITY:  100
EDGE_TYPE: DIRECTED
EDGE_WEIGHT_TYPE:  EXPLICIT
EDGE_WEIGHT_FORMAT:  FULL_MATRIX
NODE_COORD_TYPE: TWOD_COORDS
NODE_COORD_SECTION
1 -6.4682 53.262
2 -6.4647 53.2819
3 -6.4308 53.272
4 -6.418 53.3833
5 -6.4145 53.3996
6 -6.406 53.3324
7 -6.4004 53.4581
8 -6.3878 53.2956
9 -6.3673 53.2883
10 -6.3612 53.3102
11 -6.3578 53.3102
12 -6.3515 53.369
13 -6.3508 53.3431
14 -6.3496 53.2602
15 -6.3352 53.2516
16 -6.3054 53.3708
17 -6.3018 53.3534
18 -6.2863 53.3308
19 -6.2847 53.3386
20 -6.2808 53.3106
21 -6.2724 53.3546
22 -6.2681 53.3387
23 -6.2573 53.3142
24 -6.2546 53.3132
25 -6.2505 53.396
26 -6.2491 53.2653
27 -6.2459 53.345
28 -6.2458 53.2908
29 -6.2443 53.3201
30 -6.2405 53.3462
31 -6.2305 53.4523
32 -6.229 53.434
33 -6.2251 53.3124
34 -6.2225 53.2396
35 -6.2205 53.2586
36 -6.2188 53.3074
37 -6.218 53.3759
38 -6.218 53.451
39 -6.2144 53.2615
40 -6.2141 53.4061
41 -6.2104 53.3205
42 -6.2099 53.4556
43 -6.2085 53.2999
44 -6.2052 53.2879
45 -6.1968 53.3722
46 -6.1572 53.443
47 -6.1415 53.2821
48 -6.1295 53.2338
49 -6.0999 53.3839
50 -6.0956 53.3741
DEPOT_SECTION:
0
-1
DEMAND_SECTION
1 1.0
2 1.0
3 1.0
4 1.0
5 1.0
6 1.0
7 1.0
8 1.0
9 1.0
10 1.0
11 1.0
12 1.0
13 1.0
14 1.0
15 1.0
16 1.0
17 1.0
18 1.0
19 1.0
20 1.0
21 1.0
22 1.0
23 1.0
24 1.0
25 1.0
26 1.0
27 1.0
28 1.0
29 1.0
30 1.0
31 1.0
32 1.0
33 1.0
34 1.0
35 1.0
36 1.0
37 1.0
38 1.0
39 1.0
40 1.0
41 1.0
42 1.0
43 1.0
44 1.0
45 1.0
46 1.0
47 1.0
48 1.0
49 1.0
50 1.0
EDGE_WEIGHT_SECTION
[[   0.  676.  828. 3015. 3410. 2692. 4110. 1983. 2225. 2708. 2763. 3082.
  2588. 2399. 2713. 3522. 3259. 3105. 3228. 2947. 3601. 3428. 3293. 3320.
  3833. 3164. 3780. 3284. 3521. 3861. 4872. 4589. 3712. 3588. 3577. 3761.
  3857. 4945. 3664. 4296. 3978. 5080. 3857. 3846. 4024. 5322. 4032. 4200.
  5163. 5116.]
 [ 676.    0.  763. 2538. 2931. 2079. 3702. 1622. 1980. 2300. 2362. 2661.
  2209. 2440. 2812. 3142. 2914. 2830. 2934. 2741. 3281. 3149. 3091. 3123.
  4136. 3137. 3503. 3165. 3309. 3585. 4524. 4253. 3533. 3642. 3569. 3600.
  4217. 4602. 3646. 3992. 3784. 4739. 3721. 3747. 3771. 5013. 3967. 4233.
  4938. 4905.]
 [ 828.  763.    0. 2692. 3088. 2103. 3838. 1180. 1397. 1909. 1961. 2605.
  2896. 1690. 2053. 2992. 2705. 2521. 2650. 2356. 3031. 2845. 2702. 2729.
  3963. 2627. 3196. 2707. 2930. 3276. 4441. 4144. 3123. 3107. 3053. 3175.
  3962. 4505. 3134. 3825. 3387. 4640. 3277. 3278. 4150. 4854. 4182. 3783.
  4662. 4614.]
 [3015. 2538. 2692.    0.  556. 1738. 2554. 3027. 2406. 2724. 2754. 1426.
  1920. 3130. 3395. 2310. 2553. 2281. 2202. 2643. 2208. 2412. 2853. 2899.
  2430. 3746. 2645. 3338. 2930. 2708. 3169. 2981. 3263. 3801. 4143. 3404.
  2885. 3308. 4154. 2985. 3352. 3464. 3628. 3834. 3196. 4018. 3975. 4684.
  3895. 3952.]
 [3410. 2931. 3088.  556.    0. 2278. 1998. 2539. 2771. 2290. 2307. 1638.
  2302. 3492. 3750. 2406. 2758. 2483. 2379. 2885. 2316. 2570. 3062. 3107.
  2361. 4023. 2762. 3578. 3113. 2817. 2936. 2794. 3445. 4041. 3746. 3591.
  2885. 3086. 3749. 2887. 3505. 3237. 3820. 4045. 3202. 3846. 4125. 4878.
  3865. 3939.]
 [2692. 2079. 2103. 1738. 2278.    0. 3034. 1297. 1683. 1175. 1229. 1656.
  1172. 2694. 2201. 2410. 2220. 2417. 2458. 2634. 2799. 2792. 2188. 2231.
  2715. 2783. 2327. 2518. 2349. 2408. 3841. 3536. 2652. 3467. 3214. 2765.
  2904. 3938. 3250. 3286. 2834. 4099. 2953. 3088. 3163. 3799. 4002. 3951.
  3896. 3898.]
 [4110. 3702. 3838. 2554. 1998. 3034.    0. 3926. 4125. 3613. 3621. 2262.
  2865. 4110. 4314. 2511. 2898. 3483. 3330. 3954. 3103. 3453. 4037. 4078.
  2625. 4370. 3520. 3922. 4017. 3547. 2445. 2531. 4328. 4987. 4651. 3810.
  3289. 2627. 4635. 2958. 4302. 2738. 4009. 4233. 3588. 3514. 4807. 5676.
  3979. 4108.]
 [1983. 1622. 1180. 3027. 2539. 1297. 3926.    0.  482.  730.  782. 2587.
  1771. 1424. 1829. 2169. 2614. 2370. 2540. 2220. 2189. 2823. 2710. 2756.
  3128. 2985. 2368. 2874. 3015. 2449. 3749. 4048. 2381. 2742. 2574. 2454.
  3121. 3808. 2634. 3657. 2628. 3941. 2588. 2640. 3316. 4139. 3568. 4015.
  3967. 3928.]
 [2225. 1980. 1397. 2406. 2771. 1683. 4125.  482.    0.  751.  765. 2747.
  1882. 1015. 1400. 2182. 2568. 2178. 2382. 1903. 2949. 2630. 2389. 2428.
  3096. 2513. 2222. 2457. 2707. 2301. 3760. 4041. 2986. 2398. 2236. 2191.
  3016. 3808. 2299. 3599. 2392. 3938. 2308. 2338. 3184. 4088. 3261. 3676.
  3820. 3768.]
 [2708. 2300. 1909. 2724. 2290. 1175. 3613.  730.  751.    0.   69. 1998.
  1132. 1707. 2050. 2338. 1890. 1665. 1819. 1624. 2338. 2112. 2103. 2156.
  2613. 2727. 2608. 2422. 2385. 2724. 3911. 3542. 2750. 2628. 2381. 2878.
  2602. 3974. 2422. 3138. 2188. 4130. 2216. 2313. 2802. 3698. 3241. 3818.
  4163. 4126.]
 [2763. 2362. 1961. 2754. 2307. 1229. 3621.  782.  765.   69.    0. 1992.
  1121. 1698. 2033. 2306. 1847. 1603. 1761. 1555. 2286. 2052. 2034. 2087.
  2584. 2670. 2547. 2356. 2317. 2663. 3888. 3516. 2681. 2591. 2340. 2809.
  2563. 3949. 2379. 3105. 2997. 4104. 3036. 2266. 2760. 4314. 3193. 3775.
  4119. 4080.]
 [3082. 2661. 2605. 1426. 1638. 1656. 2262. 2587. 2747. 1998. 1992.    0.
   876. 2626. 2843.  932. 1133. 1844. 1695. 2436. 1668. 1970. 2655. 2717.
  2232. 2905. 2280. 2425. 2723. 2369. 2659. 2359. 2276. 3635. 3266. 2422.
  2703. 2757. 3261. 2171. 2346. 2918. 2651. 2877. 2229. 3317. 3682. 3888.
  3640. 3686.]
 [2588. 2209. 2896. 1920. 2302. 1172. 2865. 1771. 1882. 1132. 1121.  876.
     0. 2803. 2220. 1310. 1048. 1367. 1343. 1790. 1629. 1676. 2126. 2190.
  2700. 2382. 2118. 2761. 2286. 2229. 3153. 2808. 2742. 3109. 2773. 2926.
  2900. 3230. 2783. 2487. 2936. 3388. 2301. 2486. 2326. 3684. 3358. 4141.
  3745. 3751.]
 [2399. 2440. 1690. 3130. 3492. 2694. 4110. 1424. 1015. 1707. 1698. 2626.
  2803.    0.  412. 2744. 2352. 2708. 2957. 2199. 2535. 2229. 2610. 2626.
  3575. 2040. 2535. 2340. 2938. 2604. 4205. 3862. 2194. 2664. 2232. 2204.
  3376. 4236. 2734. 4026. 2480. 4361. 2250. 2188. 3487. 4432. 3049. 3241.
  3978. 3895.]
 [2713. 2812. 2053. 3395. 3750. 2201. 4314. 1829. 1400. 2050. 2033. 2843.
  2220.  412.    0. 2908. 2503. 2854. 2222. 2278. 2645. 2314. 2638. 2644.
  3692. 1802. 2596. 2241. 2956. 2660. 4315. 3964. 3029. 2316. 1993. 3016.
  3443. 4338. 2466. 4117. 2451. 4460. 2168. 2901. 3529. 4494. 2891. 3001.
  3963. 3868.]
 [3522. 3142. 2992. 2310. 2406. 2410. 2511. 2169. 2182. 2338. 2306.  932.
  1310. 2744. 2908.    0.  593. 1406. 1166. 2095.  862. 1321. 2146. 2201.
  1397. 2672. 1484. 2960. 2112. 1551. 2243. 2634. 2554. 3384. 2971. 2766.
  1771. 2308. 2946. 2194. 2563. 2465. 2208. 2467. 2191. 2753. 3188. 4167.
  2975. 3022.]
 [3259. 2914. 2705. 2553. 2758. 2220. 2898. 2614. 2568. 1890. 1847. 1133.
  1048. 2352. 2503.  593.    0.  826.  608. 1508.  595.  842. 1601. 1660.
  1773. 2258. 1163. 2400. 1617. 1261. 2598. 2209. 2078. 2975. 2571. 2286.
  1854. 2646. 2551. 2510. 2154. 2798. 2612. 2951. 2212. 3001. 2881. 3809.
  2999. 3011.]
 [3105. 2830. 2521. 2281. 2483. 2417. 3483. 2370. 2178. 1665. 1603. 1844.
  1367. 2708. 2854. 1406.  826.    0.  266.  692.  852.  454.  811.  874.
  2320. 2338.  946. 1581.  922. 1061. 3040. 2623. 1384. 2386. 2375. 1576.
  2055. 3063. 2356. 2933. 1572. 3206. 1887. 2188. 2285. 3284. 2396. 3255.
  2975. 2939.]
 [3228. 2934. 2650. 2202. 2379. 2458. 3330. 2540. 2382. 1819. 1761. 1695.
  1343. 2957. 2222. 1166.  608.  266.    0.  950.  595.  335.  993. 1052.
  2060. 2580.  813. 1797. 1028.  928. 2852. 2438. 1494. 2552. 2563. 1698.
  1844. 2877. 2968. 2690. 1620. 3022. 2020. 2349. 2106. 3117. 2474. 3378.
  2877. 2855.]
 [2947. 2741. 2356. 2643. 2885. 2634. 3954. 2220. 1903. 1624. 1555. 2436.
  1790. 2199. 2278. 2095. 1508.  692.  950.    0. 1497.  984.  490.  536.
  2951. 1660. 1360.  974.  804. 1453. 3495. 3070. 1127. 2674. 1828. 1257.
  2546. 3507. 1824. 2497. 1461. 3645. 1505. 1709. 2685. 3657. 2975. 2864.
  3150. 3077.]
 [3601. 3281. 3031. 2208. 2316. 2799. 3103. 2189. 2949. 2338. 2286. 1668.
  1629. 2535. 2645.  862.  595.  852.  595. 1497.    0.  545. 1399. 1445.
  1468. 2181.  626. 2223. 1297.  704. 2434. 2823. 1717. 2867. 1942. 1928.
  1313. 2454. 2397. 2101. 1702. 2598. 2255. 2632. 1637. 2702. 2573. 3570.
  2582. 2589.]
 [3428. 3149. 2845. 2412. 2570. 2792. 3453. 2823. 2630. 2112. 2052. 1970.
  1676. 2229. 2314. 1321.  842.  454.  335.  984.  545.    0.  857.  904.
  1969. 2511.  496. 1681.  791.  612. 2794. 2368. 1243. 2480. 2456. 1453.
  1614. 2804. 2416. 2526. 1317. 2943. 1780. 2136. 1831. 2980. 2280. 3226.
  2657. 2627.]
 [3293. 3091. 2702. 2853. 3062. 2188. 4037. 2710. 2389. 2103. 2034. 2655.
  2126. 2610. 2638. 2146. 1601.  811.  993.  490. 1399.  857.    0.   64.
  2769. 1420. 1066.  825.  496. 1134. 3355. 2920.  653. 2238. 1728.  811.
  2232. 3349. 1693. 2303.  971. 3480. 1098. 1378. 2310. 3426. 2579. 2677.
  2823. 2742.]
 [3320. 3123. 2729. 2899. 3107. 2231. 4078. 2756. 2428. 2156. 2087. 2717.
  2190. 2626. 2644. 2201. 1660.  874. 1052.  536. 1445.  904.   64.    0.
  2801. 1387. 1089.  778.  470. 1151. 3375. 2938.  596. 2198. 1684.  749.
  2245. 3367. 1647. 2316.  926. 3496. 1034. 1314. 2311. 3432. 2516. 2633.
  2807. 2722.]
 [3833. 4136. 3963. 2430. 2361. 2715. 2625. 3128. 3096. 2613. 2584. 2232.
  2700. 3575. 3692. 1397. 1773. 2320. 2060. 2951. 1468. 1969. 2769. 2801.
     0. 3154. 1727. 2540. 2569. 1696. 1946. 1356. 2872. 3796. 3344. 2186.
   944. 1971. 3287.  809. 2678. 2175. 2397. 2689. 1349. 2461. 3166. 4285.
  2187. 2291.]
 [3164. 3137. 2627. 3746. 4023. 2783. 4370. 2985. 2513. 2727. 2670. 2905.
  2382. 2040. 1802. 2672. 2258. 2338. 2580. 1660. 2181. 2511. 2500. 2442.
  3154.    0. 4055. 1301. 2791. 4123. 3845. 4081. 2504. 1022.  531. 2331.
  2706. 3831.  713. 3435. 3044. 3936. 2150. 1171. 2688. 3818. 2248. 2643.
  3580. 3434.]
 [3780. 3503. 3196. 2645. 2762. 2327. 3520. 2368. 2222. 2608. 2547. 2280.
  2118. 2535. 2596. 1484. 1163.  946.  813. 1360.  626.  496. 1066. 1089.
  1727. 2303.    0. 1832.  842.  175. 2599. 3028. 1179. 2047. 2535. 1384.
  1187. 2589. 2473. 2163. 1095. 2719. 1702. 2098. 1352. 2687. 2995. 3166.
  2302. 2276.]
 [3284. 3165. 2707. 3338. 3578. 2518. 3922. 2874. 2457. 2422. 2356. 2425.
  2761. 2340. 2241. 2960. 2400. 1581. 1797.  974. 2223. 1681.  825.  778.
  2540.  739. 1832.    0. 1491. 1876. 3904. 3464. 1266. 1533. 1028. 1178.
  2931. 3887. 1005. 2820. 1855. 4010.  814.  826. 2924. 3888. 2128. 2170.
  3077. 2954.]
 [3521. 3309. 2930. 2930. 3113. 2349. 4017. 3015. 2707. 2385. 2317. 2723.
  2286. 2938. 2956. 2112. 1617.  922. 1028.  804. 1297.  791.  282.  267.
  2569. 1585.  842.  847.    0.  886. 3196. 2757.  467. 2356. 1824.  671.
  1960. 3181. 1770. 2971.  685. 3307.  995. 1345. 2005. 3220. 2442. 2661.
  2588. 2507.]
 [3861. 3585. 3276. 2708. 2817. 2408. 3547. 2449. 2301. 2724. 2663. 2369.
  2229. 2604. 2660. 1551. 1261. 1061.  928. 1453.  704.  612. 1134. 1151.
  1696. 2342.   99. 1876.  886.    0. 2564. 2977. 1184. 2062. 2554. 1383.
  1102. 2550. 2488. 2094. 1060. 2676. 1693. 2096. 1245. 2626. 2949. 3150.
  2220. 2193.]
 [4872. 4524. 4441. 3169. 2936. 3841. 2445. 3749. 3760. 3911. 3888. 2659.
  3153. 4205. 4315. 2243. 2598. 3040. 2852. 3495. 2434. 2794. 3355. 3375.
  1946. 3845. 2599. 3904. 3196. 2564.    0.  619. 3377. 4367. 3978. 3501.
  2595.  255. 3922. 1596. 3194.  429. 3691. 3984. 2792. 1509. 4303. 4653.
  2500. 2707.]
 [4589. 4253. 4144. 2981. 2794. 3536. 2531. 4048. 4041. 3542. 3516. 2359.
  2808. 3862. 3964. 2634. 2209. 2623. 2438. 3070. 2823. 2368. 2920. 2938.
  1356. 4081. 3028. 3464. 2757. 2977.  619.    0. 2935. 3991. 4235. 3059.
  1977.  616. 4168.  990. 2752.  825. 3250. 3542. 2188. 1478. 3876. 4287.
  2216. 2403.]
 [3712. 3533. 3123. 3263. 3445. 2652. 4328. 2381. 2986. 2750. 2681. 2276.
  2742. 2194. 3029. 2554. 2078. 1384. 1494. 1127. 1717. 1243.  653.  596.
  2872. 1423. 1179.  719.  467. 1184. 3377. 2935.    0. 2104. 1556.  212.
  2152. 3346. 1482. 2267.  404. 3463.  461.  787. 2101. 3300. 1976. 2345.
  2496. 2387.]
 [3588. 3642. 3107. 3801. 4041. 3467. 4987. 2742. 2398. 2628. 2591. 3635.
  3109. 2664. 2316. 3384. 2975. 2386. 2552. 2674. 2867. 2480. 3939. 3869.
  3796. 1022. 4056. 2699. 4148. 4087. 4367. 3991. 3704.    0.  644. 3450.
  3290. 4340.  758. 4020. 4131. 4437. 3096. 2512. 3221. 4251. 3278. 2846.
  3905. 3726.]
 [3577. 3569. 3053. 4143. 3746. 3214. 4651. 2574. 2236. 2381. 2340. 3266.
  2773. 3929. 3508. 2971. 2571. 4182. 4513. 3218. 3848. 4323. 3041. 2964.
  3344.  934. 4462. 1810. 3211. 4497. 3978. 4235. 2740.  644.    0. 2483.
  2831. 3950.  479. 3561. 3163. 4046. 2132. 1561. 2763. 3864. 2684. 3043.
  3488. 3318.]
 [3761. 3600. 3175. 3404. 3591. 2765. 3810. 2454. 2191. 2878. 2809. 2422.
  2926. 2204. 3016. 2766. 2286. 1576. 1698. 1257. 1928. 1453.  811.  749.
  2186. 1324. 1384.  669.  671. 1383. 3501. 3059.  212. 1960. 1410.    0.
  2316. 3465. 1328. 2383.  474. 3579.  280.  610. 2235. 3390. 1781. 2194.
  2518. 2396.]
 [3857. 4217. 3962. 2885. 2885. 2904. 3289. 3121. 3016. 2602. 2563. 2703.
  2900. 3376. 3443. 1771. 1854. 2055. 1844. 2546. 1313. 1614. 2232. 2245.
   944. 2706. 1187. 2931. 1960. 1102. 2595. 1977. 2152. 3290. 2831. 2316.
     0. 2539. 2761. 1024. 1879. 2699. 2577. 2986.  446. 2578. 2518. 3659.
  2397. 2469.]
 [4945. 4602. 4505. 3308. 3086. 3938. 2627. 3808. 3808. 3974. 3949. 2757.
  3230. 4236. 4338. 2308. 2646. 3063. 2877. 3507. 2454. 2804. 3349. 3367.
  1971. 3831. 2589. 3887. 3181. 2550.  255.  616. 3346. 4340. 3950. 3465.
  2539.    0. 3890. 1520. 3151.  225. 3649. 3940. 2698. 1254. 4222. 4589.
  2347. 2558.]
 [3664. 3646. 3134. 4154. 3749. 3250. 4635. 2634. 2299. 2422. 2379. 3261.
  2783. 2734. 2466. 2946. 2551. 4148. 2968. 3211. 2397. 4252. 2981. 2900.
  3287.  713. 4354. 1770. 3116. 4381. 3922. 4168. 2609.  758.   47. 2338.
  2761. 3890.    0. 3489. 3003. 3985. 1961. 1372. 2683. 3791. 2453. 2943.
  3384. 3212.]
 [4296. 3992. 3825. 2985. 2887. 3286. 2958. 3657. 3599. 3138. 3105. 2171.
  2487. 4026. 4117. 2194. 2510. 2933. 2690. 2497. 2101. 2526. 2303. 2316.
   809. 3435. 2163. 2820. 2971. 2094. 1596.  990. 2267. 4020. 3561. 2383.
  1024. 1520. 3489.    0. 2895. 1676. 2564. 2855. 1198. 1694. 3170. 4333.
  2421. 2623.]
 [3978. 3784. 3387. 3352. 3505. 2834. 4302. 2628. 2392. 2188. 2997. 2346.
  2936. 2480. 2451. 2563. 2154. 1572. 1620. 1461. 1702. 1317.  971.  926.
  2678. 1729. 1095. 1054.  685. 1060. 3194. 2752.  404. 2347. 1797.  474.
  1879. 3151. 1706. 2895.    0. 3260.  596.  946. 1769. 3054. 1903. 2396.
  2208. 2941.]
 [5080. 4739. 4640. 3464. 3237. 4099. 2738. 3941. 3938. 4130. 4104. 2918.
  3388. 4361. 4460. 2465. 2798. 3206. 3022. 3645. 2598. 2943. 3480. 3496.
  2175. 3936. 2719. 4010. 3307. 2676.  429.  825. 3463. 4437. 4046. 3579.
  2699.  225. 3985. 1676. 3260.    0. 3757. 4047. 2832. 1143. 4301. 4658.
  2344. 2563.]
 [3857. 3721. 3277. 3628. 3820. 2953. 4009. 2588. 2308. 2216. 3036. 2651.
  2301. 2250. 2168. 2208. 2612. 1887. 2020. 1505. 2255. 1780. 1098. 1034.
  2397. 1221. 1702.  814.  995. 1693. 3691. 3250.  812. 1759. 1211.  493.
  2577. 3649. 1114. 2564. 1049. 3757.    0.  351. 2456. 3531. 1482. 2747.
  2561. 2419.]
 [3846. 3747. 3278. 3834. 4045. 3088. 4233. 2640. 2338. 2313. 2266. 2877.
  2486. 2188. 2901. 2467. 2951. 2188. 2349. 1709. 2632. 2136. 1378. 1314.
  2689. 1171. 2098.  826. 1345. 2096. 3984. 3542. 1385. 1427.  887. 1075.
  2986. 3940.  779. 2855. 1666. 4047.  619.    0. 2855. 3806. 1302. 2385.
  2769. 2612.]
 [4024. 3771. 4150. 3196. 3202. 3163. 3588. 3316. 3184. 2802. 2760. 2229.
  2326. 3487. 3529. 2191. 2212. 2285. 2106. 2685. 1637. 1831. 2310. 2311.
  1349. 2688. 1352. 2924. 2005. 1245. 2792. 2188. 2101. 3221. 2763. 2235.
   446. 2698. 2683. 1198. 1769. 2832. 2456. 2855.    0. 2523. 2316. 3478.
  1994. 2042.]
 [5322. 5013. 4854. 4018. 3846. 3799. 3514. 4139. 4088. 3698. 4314. 3317.
  3684. 4432. 4494. 2753. 3001. 3284. 3117. 3657. 2702. 2980. 3426. 3432.
  2461. 3818. 2687. 3888. 3220. 2626. 1509. 1478. 3300. 4251. 3864. 3390.
  2578. 1254. 3791. 1694. 3054. 1143. 3531. 3806. 2523.    0. 3889. 4308.
  2308. 2640.]
 [4032. 3967. 4182. 3975. 4125. 4002. 4807. 3568. 3261. 3241. 3193. 3682.
  3358. 3049. 2891. 3188. 2881. 2396. 2474. 2975. 2573. 2280. 2579. 2516.
  3166. 2248. 2995. 2128. 2442. 2949. 4303. 3876. 1976. 1862. 1525. 1781.
  2518. 4222. 1393. 3170. 1903. 4301. 1482. 1302. 2316. 3889.    0. 1651.
  2529. 2317.]
 [4200. 4233. 3783. 4684. 4878. 3951. 5676. 4015. 3676. 3818. 3775. 3888.
  4141. 3241. 3001. 4167. 3809. 3255. 3378. 2864. 3570. 3226. 2677. 2633.
  4285. 2643. 3166. 2170. 2661. 3150. 4653. 4287. 2345. 1617. 1729. 2194.
  3659. 4589. 1672. 4333. 2396. 4658. 2747. 2385. 3478. 4308. 1651.    0.
  3647. 3421.]
 [5163. 4938. 4662. 3895. 3865. 3896. 3979. 3967. 3820. 4163. 4119. 3640.
  3745. 3978. 3963. 2975. 2999. 2975. 2877. 3150. 2582. 2657. 2823. 2807.
  2187. 3580. 2302. 3077. 2588. 2220. 2500. 2216. 2496. 3905. 3488. 2518.
  2397. 2347. 3384. 2421. 2208. 2344. 2561. 2769. 1994. 2308. 2529. 3647.
     0.  342.]
 [5116. 4905. 4614. 3952. 3939. 3898. 4108. 3928. 3768. 4126. 4080. 3686.
  3751. 3895. 3868. 3022. 3011. 2939. 2855. 3077. 2589. 2627. 2742. 2722.
  2291. 3434. 2276. 2954. 2507. 2193. 2707. 2403. 2387. 3726. 3318. 2396.
  2469. 2558. 3212. 2623. 2941. 2563. 2419. 2612. 2042. 2640. 2317. 3421.
   342.    0.]]
EOF
