NAME:  instance
COMMENT: this is testing the generating format
TYPE: GVRP
DIMENSION:  20
CAPACITY:  100
EDGE_TYPE: DIRECTED
EDGE_WEIGHT_TYPE:  EXPLICIT
EDGE_WEIGHT_FORMAT:  FULL_MATRIX
NODE_COORD_TYPE: TWOD_COORDS
NODE_COORD_SECTION
1 -6.4023 53.4132
2 -6.3765 53.3675
3 -6.3706 53.3182
4 -6.3618 53.2772
5 -6.3596 53.3962
6 -6.3552 53.2735
7 -6.3505 53.3261
8 -6.3492 53.3423
9 -6.2985 53.363
10 -6.2915 53.403
11 -6.2912 53.3391
12 -6.2429 53.33
13 -6.2372 53.4217
14 -6.231 53.4284
15 -6.2308 53.3143
16 -6.2256 53.409
17 -6.2203 53.281
18 -6.1747 53.2654
19 -6.1689 53.2314
20 -6.1513 53.29
DEPOT_SECTION:
0
-1
DEMAND_SECTION
1 1.0
2 1.0
3 1.0
4 1.0
5 1.0
6 1.0
7 1.0
8 1.0
9 1.0
10 1.0
11 1.0
12 1.0
13 1.0
14 1.0
15 1.0
16 1.0
17 1.0
18 1.0
19 1.0
20 1.0
EDGE_WEIGHT_SECTION
[[   0. 1630. 2338. 3333. 1035. 3439. 2230. 2625. 2695. 2259. 2399. 3049.
  2383. 2491. 3434. 2544. 4129. 4122. 4703. 3982.]
 [1630.    0. 1671. 2189. 1028. 2289. 1495. 1015. 1581. 2092. 1971. 2979.
  2393. 2558. 2461. 2392. 3070. 3812. 3780. 3746.]
 [2338. 1671.    0. 1397. 2646. 1543.  486.  922. 2100. 2342. 1752. 2609.
  3151. 3333. 2827. 3027. 2346. 3100. 3586. 3235.]
 [3333. 2189. 1397.    0. 2872.  183. 1669. 2216. 2263. 3200. 2532. 2993.
  3922. 4106. 2929. 3737. 2863. 2715. 2996. 3053.]
 [1035. 1028. 2646. 2872.    0. 2962. 2377. 1834. 1667. 1392. 2373. 2319.
  2613. 2811. 2711. 2735. 3429. 4131. 4113. 3946.]
 [3439. 2289. 1543.  183. 2962.    0. 1781. 2329. 2309. 3257. 2567. 2966.
  3960. 4144. 2867. 3765. 2739. 2612. 2875. 2969.]
 [2230. 1495.  486. 1669. 2377. 1781.    0.  548. 1630. 2859. 1275. 2177.
  2825. 3009. 2450. 2690. 2170. 2928. 3477. 3001.]
 [2625. 1015.  922. 2216. 1834. 2329.  548.    0. 1240. 2359. 1176. 2186.
  2504. 2685. 2571. 2399. 2375. 3127. 3732. 3120.]
 [2695. 1581. 2100. 2263. 1667. 2309. 1630. 1240.    0. 1360.  821. 1582.
  2338. 2596. 2140. 2140. 2277. 2955. 3685. 2758.]
 [2259. 2092. 2342. 3200. 1392. 3257. 2859. 2359. 1360.    0. 2160. 2656.
  1264. 1491. 2312. 1344. 3118. 3723. 3830. 3393.]
 [2399. 1971. 1752. 2532. 2373. 2567. 1275. 1176.  821. 2160.    0. 1022.
  2997. 2323. 1480. 2708. 2431. 2447. 3141. 2339.]
 [3049. 2979. 2609. 2993. 2319. 2966. 2177. 2186. 1582. 2656. 1022.    0.
  2214. 2381.  584. 2694. 1469. 2582. 2608. 2292.]
 [2383. 2393. 3151. 3922. 2613. 3960. 2825. 2504. 2338. 1264. 2997. 2214.
     0.  259. 2593.  489. 3404. 3878. 3995. 3410.]
 [2491. 2558. 3333. 4106. 2811. 4144. 3009. 2685. 2596. 1491. 2323. 2381.
   259.    0. 2753.  665. 3560. 4016. 4115. 3532.]
 [3434. 2461. 2827. 2929. 2711. 2867. 2450. 2571. 2140. 2312. 1480.  584.
  2593. 2753.    0. 2287.  979. 2005. 2191. 1804.]
 [2544. 2392. 3027. 3737. 2735. 3765. 2690. 2399. 2140. 1344. 2708. 2694.
   489.  665. 2287.    0. 3090. 3542. 3711. 3065.]
 [4129. 3070. 2346. 2863. 3429. 2739. 2170. 2375. 2277. 3118. 2431. 2585.
  3404. 3560. 1724. 3090.    0. 1062. 1973. 2147.]
 [4122. 3812. 3100. 2715. 4131. 2612. 2928. 3127. 2955. 3723. 2447. 2582.
  3878. 4016. 2005. 3542. 1062.    0. 1155. 1439.]
 [4703. 3780. 3586. 2996. 4113. 2875. 3477. 3732. 3685. 3830. 3141. 2608.
  3995. 4115. 2191. 3711. 1973. 1155.    0. 2013.]
 [3982. 3746. 3235. 3053. 3946. 2969. 3001. 3120. 2758. 3393. 2339. 2292.
  3410. 3532. 1804. 3065. 1220.  818. 2013.    0.]]
EOF
