NAME:  instance
COMMENT: this is testing the generating format
TYPE: GVRP
DIMENSION:  50
CAPACITY:  100
EDGE_TYPE: DIRECTED
EDGE_WEIGHT_TYPE:  EXPLICIT
EDGE_WEIGHT_FORMAT:  FULL_MATRIX
NODE_COORD_TYPE: TWOD_COORDS
NODE_COORD_SECTION
1 -6.4699 53.4426
2 -6.4697 53.2786
3 -6.4165 53.3233
4 -6.4148 53.3753
5 -6.4146 53.2786
6 -6.4004 53.3535
7 -6.388 53.3911
8 -6.3769 53.3014
9 -6.3677 53.3397
10 -6.3671 53.2998
11 -6.3606 53.3723
12 -6.3588 53.3488
13 -6.3586 53.2882
14 -6.3332 53.3102
15 -6.3254 53.4354
16 -6.317 53.402
17 -6.3163 53.3041
18 -6.3045 53.3859
19 -6.3011 53.2753
20 -6.2958 53.405
21 -6.2938 53.281
22 -6.2896 53.4155
23 -6.2895 53.278
24 -6.2864 53.3395
25 -6.2843 53.4073
26 -6.284 53.3729
27 -6.2827 53.325
28 -6.2782 53.2673
29 -6.2734 53.444
30 -6.2656 53.4101
31 -6.2616 53.2832
32 -6.2564 53.3298
33 -6.256 53.4189
34 -6.2537 53.3227
35 -6.2533 53.3533
36 -6.2354 53.2658
37 -6.2312 53.3234
38 -6.2272 53.321
39 -6.2247 53.3284
40 -6.2219 53.2636
41 -6.216 53.4285
42 -6.2153 53.2963
43 -6.1956 53.424
44 -6.1753 53.2658
45 -6.1727 53.4048
46 -6.1493 53.2895
47 -6.1332 53.248
48 -6.1252 53.2525
49 -6.1069 53.2792
50 -6.0998 53.3752
DEPOT_SECTION:
0
-1
DEMAND_SECTION
1 1.0
2 1.0
3 1.0
4 1.0
5 1.0
6 1.0
7 1.0
8 1.0
9 1.0
10 1.0
11 1.0
12 1.0
13 1.0
14 1.0
15 1.0
16 1.0
17 1.0
18 1.0
19 1.0
20 1.0
21 1.0
22 1.0
23 1.0
24 1.0
25 1.0
26 1.0
27 1.0
28 1.0
29 1.0
30 1.0
31 1.0
32 1.0
33 1.0
34 1.0
35 1.0
36 1.0
37 1.0
38 1.0
39 1.0
40 1.0
41 1.0
42 1.0
43 1.0
44 1.0
45 1.0
46 1.0
47 1.0
48 1.0
49 1.0
50 1.0
EDGE_WEIGHT_SECTION
[[   0. 3958. 2980. 2532. 4037. 2371. 2399. 3661. 2886. 3750. 2313. 2771.
  4056. 3752. 2920. 2407. 4008. 2744. 4009. 2663. 3957. 2674. 4037. 3628.
  2802. 3159. 3913. 4297. 2825. 3041. 4149. 4105. 3128. 4249. 3789. 4629.
  3812. 3881. 3809. 4768. 3666. 4329. 3969. 5119. 3717. 5030. 5743. 5751.
  5570. 4735.]
 [3958.    0. 1854. 2464. 1114. 2893. 2959. 2028. 2918. 2194. 2754. 2329.
  2269. 2958. 4317. 3702. 2297. 3517. 2434. 3947. 2539. 4201. 2600. 3024.
  4096. 3513. 2920. 2777. 4161. 4326. 3005. 3315. 3893. 3292. 3603. 3395.
  3605. 3644. 3732. 3594. 4374. 3695. 4493. 4260. 4468. 3938. 4179. 4264.
  4453. 4950.]
 [2980. 1854.    0. 1758. 1512. 1071. 2363. 1090. 1131. 1275. 2004. 1449.
  1666. 1740. 3006. 2379. 2125. 2210. 2841. 2628. 2862. 2879. 2988. 2683.
  2781. 2253. 2702. 2409. 3567. 3018. 2434. 2313. 3265. 2347. 2460. 2958.
  2671. 2729. 2767. 3155. 3844. 2973. 4002. 3746. 4024. 3938. 3805. 3859.
  3904. 4024.]
 [2532. 2464. 1758.    0. 2334.  792.  760. 2613. 1534. 2728. 1098. 1442.
  2253. 2749. 2716. 2169. 2229. 2253. 2917. 2601. 2867. 2867. 2962. 2860.
  2845. 2639. 2257. 3266. 2624. 2305. 3133. 2532. 2516. 2645. 2385. 3697.
  2926. 3003. 2963. 3873. 3135. 3449. 3366. 3698. 3556. 3701. 4331. 4355.
  4259. 3858.]
 [4037. 1114. 1512. 2334.    0. 2548. 2742. 1084. 2273. 1198. 2391. 2627.
  1177. 1961. 3996. 3293. 2165. 3037. 2297. 3498. 2443. 3763. 2529. 2362.
  3629. 2953. 2207. 2784. 3811. 3831. 2210. 2594. 4084. 2553. 2942. 2604.
  2857. 2890. 2991. 2804. 3923. 2907. 4014. 3467. 3937. 3837. 4128. 4224.
  3777. 4339.]
 [2371. 2893. 1071.  792. 2548.    0. 1296. 1824.  808. 1936. 1024.  854.
  2364. 1996. 2252. 2349. 2382. 2223. 2369. 2735. 2329. 2187. 2424. 2349.
  2965. 2438. 2564. 2726. 2848. 2373. 2623. 3015. 2610. 2241. 2968. 3184.
  2544. 2616. 2603. 3366. 3212. 3004. 3403. 3875. 3504. 3935. 3929. 3962.
  3909. 3709.]
 [2399. 2959. 2363.  760. 2742. 1296.    0. 2171. 1785. 2224.  842. 1547.
  2519. 2950. 1958. 1478. 2340. 1693. 3062. 1917. 2984. 2148. 3076. 2692.
  2161. 2186. 2201. 3381. 2921. 2549. 3178. 2404. 2822. 2543. 3002. 3739.
  2787. 2868. 2796. 3898. 2634. 3380. 2879. 4306. 3115. 4224. 4289. 4299.
  4141. 4166.]
 [3661. 2028. 1090. 2613. 1084. 1824. 2171.    0. 1308.  205. 2419. 1644.
   580.  932. 3318. 2576. 1228. 2290. 1768. 2760. 1815. 3027. 1935. 2236.
  2883. 2184. 2063. 2304. 3750. 3074. 2410. 2616. 3327. 2591. 2178. 2215.
  3035. 2210. 2289. 2415. 3844. 2334. 3946. 3033. 3857. 3295. 3745. 3819.
  3931. 3719.]
 [2886. 2918. 1131. 1534. 2273.  808. 1785. 1308.    0. 1349. 1111.  536.
  1751. 1217. 2388. 2341. 1589. 2016. 2559. 2641. 2483. 3008. 2617. 1641.
  2838. 2028. 1787. 2172. 2859. 2247. 2871. 2272. 2498. 2372. 2354. 2612.
  2810. 2906. 2912. 2792. 3059. 2434. 3205. 3298. 3217. 3374. 4042. 4082.
  4034. 3952.]
 [3750. 2194. 1275. 2728. 1198. 1936. 2224.  205. 1349.    0. 2455. 1665.
   428.  770. 3327. 2570. 1037. 2265. 1570. 2739. 1612. 3007. 1733. 2111.
  2855. 2987. 1906. 2106. 3732. 3037. 2205. 2455. 3289. 2418. 2924. 2900.
  2859. 2915. 3034. 2270. 3792. 2191. 3884. 2886. 3776. 3151. 3599. 3672.
  3786. 4260.]
 [2313. 2754. 2004. 1098. 2391. 1024.  842. 2419. 1111. 2455.    0. 1197.
  2844. 2171. 2248. 1335. 2473. 1221. 2493. 1711. 2404. 2045. 2496. 1863.
  1941. 1545. 2242. 2798. 2994. 2303. 2581. 2547. 2632. 2732. 2258. 3140.
  2206. 2286. 2226. 3298. 2483. 2783. 2682. 3707. 2816. 3642. 3780. 3792.
  4292. 3755.]
 [2771. 2329. 1449. 1442. 2627.  854. 1547. 1644.  304. 1665.  680.    0.
  2049. 1404. 3004. 1986. 1738. 1665. 2745. 2286. 2642. 2652. 2773. 1495.
  2484. 1715. 1734. 2284. 2605. 2798. 2962. 2165. 2247. 2298. 2134. 2679.
  2715. 2818. 2793. 2850. 2815. 2426. 2968. 3319. 3001. 3342. 4062. 4093.
  4001. 3784.]
 [4056. 2269. 1666. 2253. 1177. 2364. 2519.  580. 1751.  428. 2844. 2049.
     0.  904. 3584. 2811. 1010. 2483. 1241. 2960. 1332. 3229. 1439. 2266.
  3067. 2309. 1975. 1772. 3955. 3232. 1968. 2498. 3483. 2419. 2184. 2603.
  2836. 2877. 3027. 2886. 3960. 2909. 4031. 2700. 3885. 3019. 3395. 3477.
  3638. 4280.]
 [3752. 2958. 1740. 2749. 1961. 1996. 2950.  932. 1217.  770. 2171. 1404.
   904.    0. 3023. 2228.  399. 2624. 1346. 2350. 1268. 2618. 1402. 1369.
  2447. 2341. 1136. 1827. 3342. 2600. 1711. 1687. 2849. 1660. 2174. 2482.
  2108. 2172. 2276. 2746. 3316. 2428. 3386. 2517. 3249. 2699. 3253. 3308.
  3349. 3711.]
 [2920. 4317. 3006. 2716. 3996. 2252. 1958. 3318. 2388. 3327. 2248. 3004.
  3584. 3023.    0. 1142. 3171. 1726. 3879. 1188. 3754.  986. 3833. 2381.
  1260. 2272. 2734. 4113. 1087. 1478. 3786. 2735. 1505. 2909. 2236. 4293.
  3024. 3102. 2961. 3748. 2216. 3712. 2643. 3937. 2317. 3691. 4511. 4485.
  4177. 3556.]
 [2407. 3702. 2379. 2169. 3293. 2349. 1478. 2576. 2341. 2570. 1335. 1986.
  2811. 2228. 1142.    0. 2363.  600. 3066.  439. 2939.  716. 3018. 2201.
   683. 1188. 2694. 3298. 1670. 1072. 2976. 2730. 1356. 2970. 2088. 3491.
  2264. 2344. 2218. 3610. 2224. 2942. 2557. 3869. 2910. 3634. 3882. 3866.
  4236. 3192.]
 [4008. 2297. 2125. 2229. 2165. 2382. 2340. 1228. 1589. 1037. 2473. 1738.
  1010.  399. 3171. 2363.    0. 2776. 1021. 2453.  904. 2716. 1035. 1340.
  2533. 2416.  980. 1463. 3432. 2660. 1312. 1489. 2903. 1412. 2094. 2086.
  1839. 1888. 2024. 2348. 3331. 2058. 3375. 2234. 3191. 2434. 2969. 3026.
  3080. 3560.]
 [2744. 3517. 2210. 2253. 3037. 2223. 1693. 2290. 2016. 2265. 1221. 1665.
  2483. 2624. 1726.  600. 2776.    0. 2669.  669. 2536. 1045. 2613. 1611.
   830.  908. 2105. 2887. 2062. 1133. 2554. 2131. 1483. 2370. 1510. 3065.
  2579. 2692. 2524. 3182. 2292. 2515. 2545. 3445. 2733. 3227. 4144. 4128.
  3839. 2958.]
 [4009. 2434. 2841. 2917. 2297. 2369. 3062. 1768. 2559. 1570. 2493. 2745.
  1241. 1346. 3879. 3066. 1021. 2669.    0. 3131.  243. 3387.  252. 2191.
  3195. 2368. 1721.  458. 4091. 3293.  842. 2052. 3526. 1867. 2808. 1168.
  2154. 2149. 2368. 1410. 3895. 1874. 3897. 2564. 3632. 2217. 2512. 2598.
  2804. 3772.]
 [2663. 3947. 2628. 2601. 3498. 2735. 1917. 2760. 2641. 2739. 1711. 2286.
  2960. 2350. 1188.  439. 2453.  669. 3131.    0. 2992.  376. 3066. 2223.
   244. 1671. 2718. 3333. 1394.  633. 2980. 2664.  930. 2909. 2929. 3470.
  2178. 2255. 2960. 3575. 1793. 2868. 2119. 3781. 2481. 3496. 3790. 3765.
  4077. 2911.]
 [3957. 2539. 2862. 2867. 2443. 2329. 2984. 1815. 2483. 1612. 2404. 2642.
  1332. 1268. 3754. 2939.  904. 2536.  243. 2992.    0. 3246.  114. 1983.
  3051. 2222. 1504.  479. 3944. 3142.  655. 1815. 3372. 1626. 2578. 1100.
  1912. 1908. 2125. 1340. 3732. 1669. 3730. 2450. 3460. 2935. 2451. 2529.
  2697. 3603.]
 [2674. 4201. 2879. 2867. 3763. 2187. 2148. 3027. 3008. 3007. 2045. 2652.
  3229. 2618.  986.  716. 2716. 1045. 3387.  376. 3246.    0. 3318. 2570.
   297. 1445. 2186. 3580. 1017.  517. 3218. 2974.  687. 2298. 2227. 3696.
  2376. 2451. 2300. 3793. 1547. 3069. 1916. 3970. 2383. 3651. 3937. 3906.
  4213. 2899.]
 [4037. 2600. 2988. 2962. 2529. 2424. 3076. 1935. 2617. 1733. 2496. 2773.
  1439. 1402. 3833. 3018. 1035. 2613.  252. 3066.  201. 3318.    0. 2080.
  3121. 2291. 1595.  366. 4013. 3206.  591. 1875. 3434. 1675. 2649.  999.
  1935. 1923. 2149. 1240. 3783. 1622. 3774. 2345. 3492. 2860. 2369. 2450.
  2635. 3602.]
 [3628. 3024. 2683. 2860. 2362. 2349. 2692. 2236. 1641. 2111. 1863. 1495.
  2266. 1369. 2381. 2201. 1340. 1611. 2191. 2223. 1983. 2570. 2080.    0.
  2293. 1130.  496. 2447. 2529. 2423. 1968.  689. 2753.  871.  815. 2304.
  1240. 1349. 1301. 2460. 2375. 2048. 2422. 2394. 2272. 2316. 3124. 3133.
  2969. 2822.]
 [2802. 4096. 2781. 2845. 3629. 2965. 2161. 2883. 2838. 2855. 1941. 2484.
  3067. 2447. 1260.  683. 2533.  830. 3195.  244. 3051.  297. 3121. 2293.
     0. 1163. 2783. 3380. 1260.  389. 3013. 2680.  692. 2926. 1930. 3487.
  3032. 2239. 2926. 3582. 1552. 2857. 1874. 3759. 2251. 3444. 3758. 3729.
  4011. 2766.]
 [3159. 3513. 2253. 2639. 2953. 2438. 2186. 2184. 2028. 2987. 1545. 1715.
  2309. 2341. 2272. 1188. 2416.  516. 2368.  949. 2222. 1445. 2291. 1130.
  1163.    0. 1620. 2550. 2413. 1311. 2189. 1560. 1654. 1804.  907. 2678.
  1984. 2096. 1922. 2785. 2326. 2938. 2482. 3022. 2490. 2796. 3716. 3699.
  3410. 2652.]
 [3913. 2920. 2702. 2257. 2207. 2564. 2201. 2063. 1787. 1906. 2242. 1734.
  1975. 1136. 2734. 2694.  980. 2105. 1721. 2718. 1504. 2186. 1595.  496.
  2783. 1620.    0. 1953. 2875. 2898. 1476.  555. 2298.  591. 1126. 1895.
  1041. 1129. 1177. 2061. 2676. 1672. 2698. 2952. 2493. 2950. 2847. 2868.
  2766. 2900.]
 [4297. 2777. 2409. 3266. 2784. 2726. 3381. 2304. 2172. 2106. 2798. 2284.
  1772. 1827. 4113. 3298. 1463. 2887.  807. 3333.  843. 3580.  644. 2447.
  3380. 2550. 1953.    0. 4265. 3451.  634. 2158. 3672. 1937. 2951.  741.
  3191. 3141. 2331.  979. 3992. 1606. 3964. 2081. 3650. 2712. 3004. 2237.
  2489. 3660.]
 [2825. 4161. 3567. 2624. 3811. 2848. 2921. 3750. 2859. 3732. 2994. 2605.
  3955. 3342. 1087. 1670. 3432. 2062. 4091. 1394. 3944. 1017. 4013. 2529.
  1260. 2413. 2875. 4265.    0. 1157. 3884. 2767.  918. 2941. 2208. 4335.
  2973. 3042. 2876. 3757. 1269. 3661. 1707. 3850. 2423. 4134. 4375. 4330.
  3950. 2999.]
 [3041. 4326. 3018. 2305. 3831. 2373. 2549. 3074. 2247. 3037. 2303. 2798.
  3232. 2600. 1478. 1072. 2660. 1133. 3293.  633. 3142.  517. 3206. 2423.
   389. 1311. 2898. 3451. 1157.    0. 3063. 2721.  355. 2965. 1936. 3509.
  3012. 2220. 2883. 3591. 1177. 2840. 1487. 3717. 1881. 3358. 3702. 4308.
  3899. 2530.]
 [4149. 3005. 2434. 3133. 2210. 2623. 3178. 2410. 2871. 2205. 2581. 2962.
  1968. 1711. 3786. 2976. 1312. 2554.  842. 2980.  655. 3218.  591. 1968.
  3013. 2189. 1476.  634. 3884. 3063.    0. 2376. 3276. 2023. 2376.  676.
  2244. 2189. 2558.  889. 3567. 1035. 3528. 1841. 3202. 2280. 2856. 2947.
  2234. 3220.]
 [4105. 3315. 2313. 2532. 2594. 3015. 2404. 2616. 2272. 2455. 2547. 2165.
  2498. 1687. 2735. 2730. 1489. 2131. 2052. 2664. 1815. 2974. 1875.  689.
  2680. 1560.  555. 2158. 2767. 2721. 1349.    0. 3012.  246.  797. 1884.
   553.  660.  642. 2003. 2452. 1404. 2436. 2714. 2174. 2557. 2656. 2657.
  2478. 2508.]
 [3128. 3893. 3265. 2516. 4084. 2610. 2822. 3327. 2498. 3289. 2632. 2247.
  3483. 2849. 1505. 1356. 2903. 1483. 3526.  930. 3372.  687. 3434. 2753.
   692. 1654. 2298. 3672.  918.  355. 3276. 3012.    0. 2322. 2218. 3706.
  2332. 2399. 2230. 3780.  869. 3016. 1229. 3873. 1745. 3480. 3818. 3773.
  3997. 2483.]
 [4249. 3292. 2347. 2645. 2553. 2241. 2543. 2591. 2372. 2418. 2732. 2298.
  2419. 1660. 2909. 2970. 1412. 2370. 1867. 2909. 1626. 2298. 1675.  871.
  2926. 1804.  591. 1937. 2941. 2965. 1149.  246. 2322.    0. 1035. 1674.
   455.  538.  616. 1794. 2610. 1182. 2584. 2492. 2299. 2389. 2504. 2511.
  2363. 2553.]
 [3789. 3603. 2460. 2385. 2942. 2968. 3002. 2178. 2354. 2924. 2258. 2134.
  2184. 2174. 2236. 2088. 2094. 1510. 2808. 1664. 2578. 2227. 2649.  815.
  1930.  907. 1126. 2951. 2208. 1936. 2376.  797. 2218. 1035.    0. 2547.
  1105. 1212. 1021. 1764. 2651. 2074. 2658. 2392. 2382. 3011. 3075. 3054.
  2766. 2273.]
 [4629. 3395. 2958. 3697. 2604. 3184. 3739. 2215. 2612. 2900. 3140. 2679.
  2603. 2482. 4293. 3491. 2086. 3065. 2056. 3470. 1937. 3696. 1759. 4057.
  3487. 2678. 3337. 1304. 4335. 3509. 1191. 3317. 3706. 2947. 4484.    0.
  2933. 2819. 3201.  242. 3936. 1667. 3860. 1828. 3474. 2883. 3239. 3421.
  3968. 3285.]
 [3812. 3605. 2671. 2926. 2857. 2544. 2787. 3035. 2810. 2859. 2206. 2715.
  2836. 2108. 3024. 2264. 1839. 2579. 2154. 2178. 1912. 2376. 1935. 1240.
  3032. 1984. 1041. 1813. 2973. 3012. 1275.  553. 2332.  455. 1105. 1666.
     0.  114.  214. 1735. 2546.  971. 2481. 2251. 2994. 2013. 2304. 2295.
  2922. 2268.]
 [3881. 3644. 2729. 3003. 2890. 2616. 2868. 2210. 2906. 2915. 2286. 2818.
  2877. 2172. 3102. 2344. 1888. 2692. 2149. 2255. 1908. 2451. 1923. 1349.
  2239. 2096. 1129. 1784. 3042. 2220. 1243.  660. 2399.  538. 1212. 1601.
   114.    0.  255. 1661. 2599.  743. 2527. 2141. 2169. 1900. 2223. 2213.
  2812. 2254.]
 [3809. 3732. 2767. 2963. 2991. 2603. 2796. 2289. 2912. 3034. 2226. 2793.
  3027. 2276. 2961. 2218. 2024. 2524. 2368. 2960. 2125. 2300. 2149. 1301.
  2926. 1922. 1177. 2331. 2876. 2883. 1453.  642. 2230.  616. 1021. 1818.
   214.  255.    0. 1873. 2419. 1102. 2345. 2340. 2788. 2012. 2347. 2327.
  2904. 2976.]
 [4768. 3594. 3155. 3873. 2804. 3366. 3898. 2415. 2792. 2270. 3298. 2850.
  2886. 2746. 3748. 3610. 2348. 3182. 2482. 3575. 2359. 3793. 2183. 4330.
  3582. 2785. 3629. 1723. 3757. 3591. 1566. 3527. 3780. 3158. 3495.  426.
  3055. 2924. 3297.    0. 3980. 1675. 3889. 1422. 3480. 2571. 2813. 2996.
  3587. 3217.]
 [3666. 4374. 3844. 3135. 3923. 3212. 2634. 3844. 3059. 3792. 2483. 2815.
  3960. 3316. 2216. 2224. 3331. 2292. 3895. 1793. 3732. 1547. 3783. 2375.
  1552. 2326. 2676. 3992. 1269. 1177. 3567. 2452.  869. 2610. 2651. 3936.
  2546. 2599. 2419. 3980.    0. 3190.  438. 3970. 1185. 3489. 3842. 3780.
  3931. 2955.]
 [4329. 3695. 2973. 3449. 2907. 3004. 3380. 2334. 2434. 2191. 2783. 2426.
  2909. 2428. 3712. 2942. 2058. 2515. 1874. 2868. 1669. 3069. 1622. 2048.
  2857. 2938. 1672. 1606. 3661. 2840. 1035. 1404. 3016. 1182. 2074.  947.
   971. 1307. 1102.  952. 3190.    0. 3095. 1310. 2689. 1353. 2328. 2347.
  2266. 2529.]
 [3969. 4493. 4002. 3366. 4014. 3403. 2879. 3946. 3205. 3884. 2682. 2968.
  4031. 3386. 2643. 2557. 3375. 2545. 3897. 2119. 3730. 1916. 3774. 2422.
  1874. 2482. 2698. 3964. 1707. 1487. 3528. 2436. 1229. 2584. 2658. 3860.
  2481. 2527. 2345. 3889.  438. 3095.    0. 3829.  796. 3314. 3693. 4261.
  3721. 2540.]
 [5119. 4260. 3746. 3698. 3467. 3875. 4306. 3033. 3298. 2886. 3707. 3319.
  2700. 2517. 3937. 3869. 2234. 3445. 2564. 3781. 2450. 3970. 2345. 2394.
  3759. 3022. 2952. 2081. 3850. 3717. 1841. 2714. 3873. 2492. 2392. 1039.
  2251. 2141. 2340.  808. 3970. 1310. 3829.    0. 3355. 1442. 1569. 1668.
  2189. 2856.]
 [3717. 4468. 4024. 3556. 3937. 3504. 3115. 3857. 3217. 3776. 2816. 3001.
  3885. 3249. 2317. 2910. 3191. 2733. 3632. 2481. 3460. 2383. 3492. 2272.
  2251. 2490. 2493. 3650. 2423. 1881. 3202. 2174. 1745. 2299. 2382. 3474.
  2994. 2169. 2788. 3480. 1185. 2689.  796. 3355.    0. 2803. 3826. 3739.
  3176. 1778.]
 [5030. 3938. 3938. 3701. 3837. 3935. 4224. 3295. 3374. 3151. 3642. 3342.
  3019. 2699. 3691. 3634. 2434. 3227. 2217. 3496. 2935. 3651. 2860. 2316.
  3444. 2796. 2950. 2712. 4134. 3358. 2280. 2557. 3480. 2389. 3011. 1637.
  2013. 1900. 2012. 1461. 3489. 1353. 3314.  819. 2803.    0. 1440. 1342.
   925. 2188.]
 [5743. 4179. 3805. 4331. 4128. 3929. 4289. 3745. 4042. 3599. 3780. 4062.
  3395. 3253. 4511. 3882. 2969. 4144. 2512. 3790. 2451. 3937. 2369. 3124.
  3758. 3716. 2847. 3004. 4375. 3702. 2856. 2656. 3818. 2504. 3075. 1840.
  2304. 2223. 2347. 1598. 3842. 2328. 3693.  891. 3826. 1440.    0.  222.
  1181. 3107.]
 [5751. 4264. 3859. 4355. 4224. 3962. 4299. 3819. 4082. 3672. 3792. 4093.
  3477. 3308. 4485. 3866. 3026. 4128. 2598. 3765. 2529. 3906. 2450. 3133.
  3729. 3699. 2868. 2237. 4330. 4308. 2947. 2657. 3773. 2511. 3054. 1943.
  2295. 2213. 2327. 1702. 3780. 2347. 4261.  947. 3739. 1342.  222.    0.
   976. 2984.]
 [5570. 4453. 3904. 4259. 3777. 3909. 4141. 3931. 4034. 3786. 4292. 4001.
  3638. 3349. 4177. 4236. 3080. 3839. 2804. 4077. 2697. 4213. 2635. 2969.
  4011. 3410. 2766. 2489. 3950. 3899. 2234. 2478. 3997. 2363. 2766. 2254.
  2922. 2812. 2904. 2037. 3931. 2266. 3721. 1244. 3176.  925. 1181.  976.
     0. 2319.]
 [4735. 4950. 4024. 3858. 4339. 3709. 4166. 3719. 3952. 4260. 3755. 3784.
  4280. 3711. 3556. 3192. 3560. 2958. 3772. 2911. 3603. 2899. 3602. 2822.
  2766. 2652. 2900. 3660. 2999. 2530. 3220. 2508. 2483. 2553. 2273. 3285.
  2268. 2254. 2976. 3217. 2955. 2529. 2540. 2856. 1778. 2188. 3107. 2984.
  2319.    0.]]
EOF
