NAME:  DC_ce_h_wdp_n20
COMMENT: Generated by Finucane, Fulcher, O'Sullivan, and Seth (2021)
TYPE:  GVRP
DIMENSION:  20
CAPACITY:  100
EDGE_TYPE:  DIRECTED
EDGE_WEIGHT_TYPE:  EXPLICIT
EDGE_WEIGHT_FORMAT:  SPARSE_MATRIX
NODE_COORD_TYPE:  TWOD_COORDS
NODE_COORD_SECTION
0 -6.3198 53.3394
1 -6.3153 53.3288
2 -6.3124 53.3251
3 -6.3098 53.3395
4 -6.2907 53.3595
5 -6.2847 53.3636
6 -6.2807 53.3631
7 -6.2746 53.341
8 -6.2676 53.3453
9 -6.266 53.3633
10 -6.2655 53.3536
11 -6.2601 53.3632
12 -6.2592 53.332
13 -6.2543 53.3618
14 -6.241 53.3307
15 -6.2381 53.3262
16 -6.2381 53.3614
17 -6.237 53.3534
18 -6.2269 53.3279
19 -6.2199 53.3345
DEPOT_SECTION:
0
-1
DEMAND_SECTION
0 1
1 1
2 2
3 3
4 2
5 2
6 1
7 1
8 1
9 1
10 2
11 3
12 1
13 1
14 2
15 2
16 2
17 3
18 1
19 1
EDGE_WEIGHT_SECTION
[[   0. 4398. 3551. 2625.  803. 2688. 4239. 4471. 3226. 2075. 4343. 4748.
  3866. 4007.  686. 4176. 3367. 4515.  766. 3109.]
 [1530.    0.  808.  660. 1338.  848. 1096.  133.  439.    0. 1469. 1237.
     0.  417. 1590. 1409.  874.  320.    0. 1093.]
 [1240.  488.    0.  603. 1105.  845. 1333.  617.  378. 1097. 1627. 1472.
   126.    0. 1230. 1565.  424.  700. 1248.  646.]
 [ 909.  660.  603.    0.  721.  229.  787.  747.  310.  442.  966.  926.
   562.  612.  976.  909.  664.  665.  793.  880.]
 [ 284. 1338. 1105.  721.    0.  702. 1243. 1360.  931.  498. 1274.    0.
  1159. 1209.  487. 1217. 1040.    0.  165. 1221.]
 [ 927.  848.  845.  229.  702.    0.  711.  782.  525.  443.  796.  865.
   804.  854. 1058.  740.    0.  701.  776.    0.]
 [1468. 1096. 1333.  787. 1243.  711.    0. 1025. 1013. 1016.  590.  189.
  1292. 1342. 1600.  546.    0.  942. 1284.    0.]
 [1550.  133.  617.  747. 1360.  782. 1025.    0.  467. 1193. 1428. 1166.
     0.  371. 1610. 1367.  901.  226.    0. 1117.]
 [1122.  439.  378.  310.  931.  525. 1013.  467.    0.    0. 1310. 1152.
   338.  388. 1169. 1248.  578.  604.    0.  797.]
 [ 726.    0. 1097.  442.  498.  443. 1016. 1193.    0.    0. 1031.    0.
     0.    0.  858.  971. 1037. 1110.  544. 1256.]
 [1497. 1469. 1627.  966. 1274.  796.  590. 1428. 1310. 1031.    0.    0.
  1586. 1636. 1627.  255.    0. 1345. 1316.    0.]
 [1647. 1237. 1472.  926.    0.  865.  189. 1166. 1152.    0.    0.    0.
  1431. 1481.    0.    0.    0. 1082.    0.    0.]
 [1351.    0.  207.  562. 1159.  804. 1292.    0.  338.    0. 1586. 1431.
     0.  123. 1317. 1524.  532.    0.    0.  754.]
 [1401.  248.    0.  612. 1209.  854. 1342.  371.  388.    0. 1636. 1481.
   123.    0. 1367. 1575.    0.  538.    0.    0.]
 [ 242. 1590. 1230.  976.  487. 1058. 1600. 1610. 1169.  858. 1627.    0.
  1317. 1367.    0. 1568.  987.    0.    0.  912.]
 [1439. 1409. 1565.  909. 1217.  740.  546. 1367. 1248.  971.  255.    0.
  1524. 1575. 1568.    0.    0. 1283. 1258.    0.]
 [1176.  874.  424.  664. 1040.    0.    0.  901.  578. 1037.    0.    0.
   532.    0.  987.    0.    0. 1039. 1184.  316.]
 [1569.  320.  700.  665.    0.  701.  942.  226.  604. 1110. 1345. 1082.
     0.  538.    0. 1283. 1039.    0. 1439. 1257.]
 [ 269.    0. 1248.  793.  165.  776. 1284.    0.    0.  544. 1316.    0.
     0.    0.    0. 1258. 1184. 1439.    0. 1364.]
 [1069. 1093.  646.  880. 1221.    0.    0. 1117.  797. 1256.    0.    0.
   754.    0.  912.    0.  316. 1257. 1364.    0.]]
EOF
