NAME:  DC_ce_h_wdp_n50
COMMENT: this is testing the generating format
TYPE:  GVRP
DIMENSION:  50
CAPACITY:  100
EDGE_TYPE:  DIRECTED
EDGE_WEIGHT_TYPE:  EXPLICIT
EDGE_WEIGHT_FORMAT:  SPARSE_MATRIX
NODE_COORD_TYPE:  TWOD_COORDS
NODE_COORD_SECTION
0 -6.3121 53.3301
1 -6.3103 53.3344
2 -6.3048 53.3262
3 -6.3029 53.3396
4 -6.3 53.3348
5 -6.2953 53.3643
6 -6.2917 53.3429
7 -6.2907 53.3595
8 -6.2899 53.3433
9 -6.2895 53.3394
10 -6.289 53.3542
11 -6.289 53.3605
12 -6.2883 53.3287
13 -6.2811 53.3439
14 -6.2803 53.3406
15 -6.2795 53.3387
16 -6.2795 53.3633
17 -6.2758 53.3507
18 -6.2731 53.3568
19 -6.272 53.3359
20 -6.2716 53.3543
21 -6.2715 53.3469
22 -6.27 53.3303
23 -6.27 53.3462
24 -6.2692 53.3645
25 -6.2688 53.3578
26 -6.266 53.3286
27 -6.2654 53.3415
28 -6.2651 53.3257
29 -6.2642 53.3487
30 -6.2568 53.3263
31 -6.2562 53.3617
32 -6.2517 53.355
33 -6.2463 53.3275
34 -6.2421 53.3334
35 -6.242 53.3596
36 -6.2416 53.352
37 -6.2415 53.3411
38 -6.2402 53.3569
39 -6.2364 53.3503
40 -6.235 53.3565
41 -6.233 53.3639
42 -6.2317 53.35
43 -6.2266 53.3443
44 -6.2262 53.3416
45 -6.2256 53.3275
46 -6.2231 53.3269
47 -6.2225 53.3379
48 -6.2132 53.341
49 -6.213 53.3252
DEPOT_SECTION:
0
-1
DEMAND_SECTION
0 2
1 3
2 2
3 2
4 3
5 2
6 2
7 2
8 2
9 1
10 3
11 3
12 1
13 3
14 1
15 1
16 2
17 3
18 3
19 3
20 2
21 3
22 2
23 3
24 2
25 2
26 1
27 2
28 2
29 3
30 1
31 3
32 2
33 3
34 2
35 2
36 1
37 2
38 1
39 2
40 3
41 3
42 2
43 3
44 1
45 3
46 3
47 3
48 3
49 1
EDGE_WEIGHT_SECTION
[[   0. 2502. 2367. 1109.  945. 1586.  988. 1138. 1910. 1102. 1702. 1467.
  1973.  424. 1922. 1889. 1427. 1784. 1759. 1666. 1864.  686. 1416. 1219.
   467. 1239. 1369. 1609.  740. 1214.  657. 1772. 2290. 1347. 1131. 1003.
  1555. 1301. 1642. 1998. 2018. 1068. 1933. 1133. 1900. 1075.  805. 1326.
  1278. 1522.]
 [1919.    0.  323.    0.    0. 1073.    0.    0.    0.    0.    0.    0.
   473.    0.    0.    0.  842.    0.    0.    0.    0.    0. 1180.    0.
     0.    0.    0.    0.    0.    0.    0.    0.    0.    0.    0.    0.
     0.    0.    0.    0.  599.    0.    0.    0.    0.    0.    0.    0.
     0. 1310.]
 [1819.  323.    0.    0.    0. 1075.    0.    0.    0.    0.    0.    0.
   464.    0.    0.    0.  844.    0.    0.    0.    0.    0.    0.    0.
     0.    0.    0.    0.    0.    0.    0.    0.  172.    0.    0.    0.
     0.    0.    0.    0.  597.    0.    0.    0.    0.    0.    0.    0.
     0.    0.]
 [ 854.    0.    0.    0.    0.    0.    0.    0.    0.    0.  682.  275.
     0.    0.    0.  762.    0.    0.    0.  420.    0.    0.    0.    0.
     0.    0.    0.    0.    0.    0.    0.  519.    0.    0.    0.    0.
     0.    0.    0.    0.    0.   88.  643.    0.    0.    0.    0.    0.
     0.    0.]
 [ 727.    0.    0.    0.    0. 1049.  754.  149.  805.  226.  583.    0.
  1097.  593.  963.  728.    0.  658.  641.  510.  918.  651.  917.  393.
   510.  239.  789.    0.  825.  440.  563.  741. 1181.  329.  228.  535.
   411.  333.  747.  836.    0.  236.  816.  633.  750.  611.  366.  748.
   823. 1012.]
 [1219. 1073. 1075.    0. 1049.    0.  600. 1073.    0.  936. 1451.    0.
   623. 1058.  972.    0.  395.    0.    0.    0.  930.  991.  300.  775.
  1176.    0.    0.    0.  865.  954.  827.    0. 1045. 1096. 1113.  955.
   854.  854.  996.    0.  744.    0.    0. 1218. 1383.  787. 1191.  679.
   622.  478.]
 [ 762.    0.    0.    0.  754.  600.    0.  858.    0.  660. 1219.    0.
   937.  592.  919.    0.    0.    0.    0.    0.  876.  499.  531.  577.
   660.    0.  477. 1101.  306.  573.  333.    0.    0.  866.  853.  508.
   529.  683.  712.    0.    0.    0.    0.  417.    0.  334.  675.  399.
   323.  547.]
 [ 875.    0.    0.    0.  254. 1073.  858.    0.  646.  288.  391.  491.
     0.    0.  962.  567.    0.  454.  440.  467.  916.    0.  943.  607.
     0.  200.  822.  334.  924.  604.  667.  575.  965.  214.  222.  635.
   603.  359.  690.  677.  953.    0.  656.  794.  624.  697.    0.  779.
   907. 1050.]
 [1467.    0.    0.    0.  805.    0.    0.  646.    0.  780.  758. 1121.
     0.    0.  444. 1013.    0.  492.  475.  944.  402.    0.    0.  759.
  1301.    0.    0.  574. 1205.  887.  969. 1084.  393.  713.  761. 1092.
   783.  518.  431.  340.  373.    0. 1167.  978.  508.    0. 1160.    0.
     0.    0.]
 [ 848.    0.    0.    0.  226.  936.  660.  288.  780.    0.  691.    0.
   987.  715.  870.    0.    0.  644.  626.    0.  824.  700.  805.  280.
   631.    0.  677.  523.  758.  374.  493.    0. 1069.  307.  347.  492.
   273.  260.  695.    0.    0.    0.    0.  560.  736.  585.  487.  636.
   732.  914.]
 [1310.    0.    0.  682.  583. 1451. 1219.  391.  758.  691.    0.  500.
     0.    0. 1113.  332.    0.  440.  427.  328. 1067.    0. 1320.  806.
     0.  457. 1261.  380. 1361.    0. 1069.  498. 1080.  460.    0. 1064.
   774.  618. 1029.  756. 1066.    0.  573.  968.  560. 1137.    0. 1216.
  1285. 1428.]
 [1129.    0.    0.  275.    0.    0.    0.  491. 1121.    0.  500.    0.
     0.    0.    0.  573.    0.  799.  783.  355.    0.    0.    0.    0.
     0.  347.    0.  681.    0.    0.    0.  584. 1447.    0.  536.    0.
     0.    0.    0. 1120. 1428.    0.  766.    0.  916.    0.    0.    0.
     0.    0.]
 [1511.  473.  464.    0. 1097.  623.  937.    0.    0.  987.    0.    0.
     0. 1354.    0.    0.  394.    0.    0.    0.  236. 1276.  730.  862.
  1464.    0.    0.    0. 1132. 1095. 1061.    0.  454.    0.    0. 1182.
   994.    0.    0.    0.  209.    0.    0. 1073.    0.  814. 1360.  551.
   807.  859.]
 [ 199.    0.    0.    0.  593. 1058.  592.    0.    0.  715.    0.    0.
  1354.    0. 1315.    0.    0. 1238. 1219.    0. 1271.  287.  927.  802.
   145.    0.  892. 1104.  409.  511.  346. 1200.    0.  902.    0.  362.
   649.  868. 1100. 1404.    0.  689. 1324.  429. 1328.  666.  286.  858.
   821. 1009.]
 [1476.    0.    0.    0.  963.  972.  919.  962.  444.  870. 1113.    0.
     0. 1315.    0. 1368.    0.  847.  831. 1300.  120. 1246.  840.  761.
  1388.    0.  520.  868. 1115. 1053.  966. 1440.    0.  979.  995. 1088.
   946.  734.  332.    0.    0.    0. 1523. 1035.  807.  794. 1248.  519.
   828.  949.]
 [1452.    0.    0.  762.  728.    0.    0.  567. 1013.    0.  332.  573.
     0.    0. 1368.    0.    0.  695.  681.  381. 1322.    0.    0.    0.
     0.  623.    0.  644.    0.    0.    0.  377. 1334.  732.    0.    0.
     0.    0. 1276. 1011. 1321.    0.  311.    0.  814.    0.    0.    0.
     0.    0.]
 [1093.  842.  844.    0.    0.  395.    0.    0.    0.    0.    0.    0.
   394.    0.    0.    0.    0.    0.    0.    0.    0.    0.  505.    0.
     0.    0.   80.    0.    0.    0.    0.    0.  813.    0.    0.    0.
     0.    0.    0.    0.  518.    0.    0.    0.    0.    0.    0.    0.
     0.  637.]
 [1370.    0.    0.    0.  658.    0.    0.  454.  492.  644.  440.  799.
     0. 1238.  847.  695.    0.    0.   65.  624.  802.    0.    0.    0.
  1155.  638.    0.  233.    0.    0.    0.  765.  820.  423.    0.    0.
     0.  361.  662.  546.  799.    0.  849.    0.  349.    0. 1013.    0.
     0.    0.]
 [1350.    0.    0.    0.  641.    0.    0.  440.  475.  626.  427.  783.
     0. 1219.  831.  681.    0.  115.    0.  609.  786.    0.    0.    0.
  1135.  623.    0.  218.    0.    0.    0.  750.  802.  405.    0.    0.
     0.  345.  644.  518.  783.    0.  834.    0.  467.    0.  994.    0.
     0.    0.]
 [1287.    0.    0.  420.  510.    0.    0.  467.  944.    0.  328.  217.
     0.    0. 1300.  381.    0.  624.  609.    0. 1254.    0.    0.    0.
     0.  324.    0.  503.    0.    0.    0.  283. 1267.    0.  513.    0.
     0.    0. 1220.  942. 1252.    0.  361.    0.  743.    0.    0.    0.
     0.    0.]
 [1432.    0.    0.    0.  918.  930.  876.  916.  402.  824. 1067.    0.
   236. 1271.  120. 1322.    0.  802.  786. 1254.    0. 1203.  798.  716.
  1344.    0.  475.  823. 1072.  933.  922. 1395.    0.  934.  950. 1045.
   830.  689.  384.    0.  179.    0. 1477.  993.  763.  751. 1204.  475.
   786.  907.]
 [ 310.    0.    0.    0.  651.  991.  499.    0.    0.  700.    0.    0.
  1276.  166. 1246.    0.    0.    0.    0.    0. 1203.    0.  860.    0.
   258.    0.  817. 1105.  217.  512.  236.    0.    0.  905.    0.  291.
   620.    0. 1037.    0.    0.  750.    0.  361.    0.  596.  352.  788.
   752.  942.]
 [1088. 1180.    0.    0.  917.  183.  531.  943.    0.  805. 1320.    0.
   730.  927.  840.    0.  505.    0.    0.    0.  798.  860.    0.  643.
  1044.    0.  353.    0.  719.  822.  695.    0.    0.  965.  982.  823.
   723.  723.  560.    0.  851.    0.    0.  709. 1250.  413. 1060.  329.
   336.  457.]
 [ 940.    0.    0.    0.  393.  775.  577.  348.  759.  280.  806.    0.
   862.  802.  761.    0.    0.    0.    0.    0.  716.    0.  643.    0.
   714.    0.  552.  625.  702.  294.  428.    0. 1053.  422.  465.    0.
   187.  272.  571.  820.    0.    0.    0.  334.    0.  406.  566.  524.
   631.  752.]
 [ 220.    0.    0.    0.  510. 1176.  660.    0. 1301.  631.    0.    0.
  1464.  237. 1388.    0.    0. 1155. 1135.    0. 1344.  438. 1044.  714.
     0.    0. 1004. 1021.  523.  427.  458. 1117. 1593.  819.    0.  624.
   565.  785. 1175. 1321.    0.  605. 1241.  724. 1244.  781.  281.  974.
   937. 1126.]
 [ 953.    0.    0.    0.  239.    0.    0.  200.    0.    0.  457.  347.
     0.    0.    0.  623.    0.  638.  623.  324.    0.    0.    0.    0.
     0.    0.    0.  592.    0.    0.    0.  555.    0.    0.  246.    0.
     0.    0.    0.    0.    0.    0.  628.    0.    0.    0.    0.    0.
     0.    0.]
 [1050.    0.    0.    0.  789.    0.  477.  822.    0.  677. 1261.    0.
     0.  892.  520.    0.   44.    0.    0.    0.  475.  817.  353.  552.
  1004.    0.    0.    0.  673.  753.  649.    0.    0.  839.  855.  751.
   728.  598.  443.    0.    0.    0.    0.  682.    0.  353. 1019.  212.
   342.  447.]
 [1236.    0.    0.    0.    0.    0. 1101.  334.  574.  523.  380.  681.
     0. 1104.  868.  644.    0.  233.  218.  503.  823. 1105.    0.  625.
  1021.  592.    0.    0. 1159.  675.  904.  644.  839.  303.    0.  914.
   619.  346.  704.  570.  820.    0.  727.  810.  375.  960.  878.    0.
     0.    0.]
 [ 568.    0.    0.    0.  825.  865.  306.  924. 1205.  758. 1361.    0.
  1132.  409. 1115.    0.    0.    0.    0.    0. 1072.  363.  719.  702.
   523.    0.  673. 1159.    0.  572.  336.    0. 1500.  960.  922.  501.
   654.  808.  906. 1380.    0.    0.    0.  600.    0.  525.  539.  571.
   616.  812.]
 [ 559.    0.    0.    0.  265.  954.  573.  356.  887.  227.    0.    0.
  1095.  511. 1053.    0.    0.    0.    0.    0.  933.  512.  822.  294.
   427.    0.  753.  675.  572.    0.  317.    0. 1175.  455.  405.  282.
   178.  399.  819.    0.    0.  419.    0.  190.    0.  501.  283.  719.
   715.  904.]
 [ 504.    0.    0.    0.  563.  827.  333.  667.  969.  493. 1069.    0.
  1061.  346.  966.    0.    0.    0.    0.    0.  922.  397.  695.  428.
   458.    0.  649.  904.  336.  317.    0.    0. 1264.  675.  662.  373.
   524.  534.  754. 1025.    0.    0.    0.  232.    0.  378.  474.  622.
   588.  777.]
 [1365.    0.    0.  519.  741.    0.    0.  575. 1084.    0.  498.  349.
     0. 1200. 1440.  377.    0.  765.  750.  283. 1395.    0.    0.    0.
  1117.  555.    0.  644.    0.    0.    0.    0. 1408.    0.  742.    0.
     0.    0. 1355. 1083. 1392.    0.  228.    0.  883.    0.  974.    0.
     0.    0.]
 [1760.    0.   23.    0. 1181. 1045.    0.  965.  393. 1069. 1080. 1447.
   454.    0.    0. 1334.  813.  820.  802. 1267.    0.    0.    0. 1053.
  1593.    0.    0.  839. 1500. 1175. 1264. 1408.    0. 1043. 1085. 1387.
  1072.  844.  571.  500.  365.    0. 1489. 1272.  820.    0. 1451.    0.
     0.    0.]
 [1035.    0.    0.    0.  329. 1096.  866.  121.  713.  307.  460.    0.
     0.  902.  979.  732.    0.  423.  405.    0.  934.  905.  965.  422.
   819.    0.  839.  303.  960.  455.  675.    0. 1043.    0.    0.  703.
   406.  247.  807.  720. 1015.    0.    0.  605.  581.  717.  676.  798.
   931. 1074.]
 [ 870.    0.    0.    0.  136. 1113.  853.   72.  761.  347.    0.  536.
     0.    0.  995.    0.    0.    0.    0.  513.  950.    0.  982.  465.
     0.  246.  855.    0.  922.  405.  662.  742. 1085.    0.    0.  632.
   396.  346.  777.  793.    0.    0.  822.  537.    0.  713.    0.  883.
   925. 1091.]
 [ 450.    0.    0.    0.  535.  955.  508.  635. 1092.  492. 1064.    0.
  1182.  362. 1088.    0.    0.    0.    0.    0. 1045.  291.  823.    0.
   369.    0.  751.  914.  303.  282.  225.    0. 1387.  703.  632.    0.
   408.    0.  876.    0.    0.    0.    0.  131.    0.  501.  441.  762.
   715.  905.]
 [ 727.    0.    0.    0.  248.  854.  529.  359.  783.  165.  774.    0.
   994.  649.  946.    0.    0.    0.    0.    0.  830.  620.  723.  187.
   565.    0.  728.  619.  654.  178.  318.    0. 1072.  406.  396.  408.
     0.  292.  712.    0.    0.    0.    0.  276.    0.  405.  422.  690.
   616.  805.]
 [1001.    0.    0.    0.  333.  854.  683.  204.  518.  260.  618.    0.
     0.  868.  734.    0.    0.  361.  345.    0.  689.    0.  723.  272.
   785.    0.  598.  346.  808.  399.  534.    0.  844.  247.  346.    0.
   292.    0.  543.  549.    0.    0.    0.  442.  455.  542.  642.  556.
   711.  832.]
 [1262.    0.    0.    0.  747.  585.  712.  690.  262.  695. 1029.    0.
     0. 1100.  332. 1276.    0.  662.  644. 1220.  225. 1037.  560.  571.
  1175.    0.  259.  704.  906.  819.  754. 1355.  571.  807.  777.  876.
   712.  543.    0.  522.  351.    0. 1429.  806.  674.  588. 1033.  306.
   550.  657.]
 [1534.    0.    0.    0.  836.    0.    0.  677.  206.    0.  756. 1120.
     0. 1404.    0. 1011.    0.  546.  518.  942.    0.    0.    0.  820.
  1321.    0.    0.  570. 1380.    0. 1025. 1083.  500.  720.  793.    0.
     0.  549.  522.    0.    0.    0. 1166.    0.  436. 1068. 1181.    0.
     0.    0.]
 [1548.  361.  360.    0.    0.  744.    0.  953.  373.    0. 1066. 1428.
   117.    0.    0. 1321.  518.  799.  783. 1252.  101.    0.  851.    0.
     0.    0.    0.  820.    0.    0.    0. 1392.  365. 1015.    0.    0.
     0.    0.  351.    0.    0.    0. 1475.    0.  758.    0.    0.    0.
     0.    0.]
 [ 823.    0.    0.   11.  142.    0.    0.    0.    0.    0.    0.    0.
     0.  689.    0.    0.    0.    0.    0.    0.    0.  750.    0.    0.
   605.    0.    0.    0.    0.  419.    0.    0.    0.    0.    0.    0.
     0.    0.    0.    0.    0.    0.    0.    0.    0.    0.  461.    0.
     0.    0.]
 [1488.    0.    0.  643.  816.    0.    0.  656. 1167.    0.  573.  457.
     0. 1324. 1523.  175.    0.  849.  834.  361. 1477.    0.    0.    0.
  1241.  628.    0.  727.    0.    0.    0.  228. 1489.    0.  822.    0.
     0.    0. 1429. 1166. 1475.    0.    0.    0.  967.    0. 1098.    0.
     0.    0.]
 [ 509.    0.    0.    0.  381.  730.  417.  470.  978.  340.  968.    0.
  1073.  429. 1035.    0.    0.    0.    0.    0.  993.  361.  709.  334.
   428.    0.  682.  810.  362.  190.  141.    0. 1272.  605.  537.  131.
   276.  442.  806.    0.    0.    0.    0.    0.    0.  388.    0.  643.
   601.  791.]
 [1459.    0.    0.    0.  750. 1383.    0.  624.  508.  736.  560.  916.
     0. 1328.  807.  814.    0.  349.  278.  743.  763.    0. 1250.    0.
  1244.    0.    0.  375.    0.    0.    0.  883.  820.  581.    0.    0.
     0.  455.  674.  436.  758.    0.  967.    0.    0.    0. 1103.    0.
  1239. 1361.]
 [ 826.    0.    0.    0.  611.  480.  334.  697.    0.  585. 1137.    0.
   814.  666.  794.    0.    0.    0.    0.    0.  751.  596.  413.  406.
   781.    0.  353.  960.  525.  501.  378.    0.    0.  717.  713.  501.
   405.  542.  588. 1068.    0.    0.    0.  388.    0.    0.  776.  343.
   285.  475.]
 [ 378.    0.    0.    0.  366. 1191.  675.    0. 1160.  487.    0.    0.
  1360.  286. 1248.    0.    0. 1013.  994.    0. 1204.  352. 1060.  566.
   170.    0. 1019.  878.  539.  283.  474.  974. 1451.  676.    0.  441.
   422.  642. 1033. 1181.    0.  461. 1098.    0. 1103.  776.    0.  989.
   953. 1142.]
 [1018.    0.    0.    0.  748.  403.  399.  779.    0.  636. 1216.    0.
   551.  858.  519.    0.    0.    0.    0.    0.  475.  788.  329.  524.
   974.    0.   63.    0.  571.  719.  622.    0.    0.  798.  883.  762.
   690.  556.  306.    0.    0.    0.    0.  643.    0.  343.  989.    0.
   319.  426.]
 [ 982.    0.    0.    0.  823.  246.  323.  907.    0.  732. 1285.    0.
   807.  821.  828.    0.    0.    0.    0.    0.  786.  752.  206.  631.
   937.    0.  342.    0.  616.  715.  588.    0.    0.  931.  925.  715.
   616.  711.  550.    0.    0.    0.    0.  601. 1239.  285.  953.  319.
     0.  262.]
 [1170. 1310.    0.    0. 1012.  288.  547. 1050.    0.  914. 1428.    0.
   859. 1009.  949.    0.  637.    0.    0.    0.  907.  942.  276.  752.
  1126.    0.  447.    0.  812.  904.  777.    0.    0. 1074. 1091.  905.
   805.  832.  657.    0.    0.    0.    0.  791. 1361.  475. 1142.  426.
   262.    0.]]
EOF
