NAME:  DC_co_h_wdp_n50
COMMENT: Generated by Finucane, Fulcher, O'Sullivan, and Seth (2021)
TYPE:  GVRP
DIMENSION:  50
CAPACITY:  100
EDGE_TYPE:  DIRECTED
EDGE_WEIGHT_TYPE:  EXPLICIT
EDGE_WEIGHT_FORMAT:  SPARSE_MATRIX
NODE_COORD_TYPE:  TWOD_COORDS
NODE_COORD_SECTION
0 -6.3164 53.3338
1 -6.3077 53.3394
2 -6.3058 53.3273
3 -6.3049 53.36
4 -6.3047 53.3613
5 -6.3039 53.339
6 -6.3028 53.3284
7 -6.3028 53.3353
8 -6.3027 53.329
9 -6.3027 53.3592
10 -6.299 53.3365
11 -6.298 53.341
12 -6.297 53.358
13 -6.2962 53.3543
14 -6.2953 53.3643
15 -6.2934 53.3614
16 -6.2926 53.3487
17 -6.2883 53.3304
18 -6.2858 53.332
19 -6.2841 53.3627
20 -6.2803 53.3419
21 -6.2791 53.3428
22 -6.2751 53.3608
23 -6.2714 53.3603
24 -6.2701 53.3312
25 -6.2698 53.3592
26 -6.2686 53.334
27 -6.2679 53.3568
28 -6.2669 53.3542
29 -6.2668 53.3569
30 -6.264 53.3262
31 -6.2585 53.3453
32 -6.2579 53.3556
33 -6.2571 53.3575
34 -6.2533 53.3326
35 -6.2494 53.3537
36 -6.2493 53.3441
37 -6.2482 53.3533
38 -6.2432 53.361
39 -6.2424 53.3602
40 -6.2419 53.3639
41 -6.2408 53.3442
42 -6.2392 53.3358
43 -6.2391 53.3387
44 -6.2389 53.3258
45 -6.2338 53.3396
46 -6.2322 53.3347
47 -6.2244 53.3378
48 -6.2205 53.363
49 -6.2153 53.3354
DEPOT_SECTION:
0
-1
DEMAND_SECTION
0 1
1 2
2 1
3 3
4 2
5 3
6 1
7 2
8 3
9 2
10 3
11 2
12 2
13 2
14 3
15 2
16 2
17 3
18 1
19 1
20 3
21 1
22 3
23 1
24 1
25 1
26 1
27 3
28 2
29 2
30 2
31 2
32 1
33 2
34 3
35 1
36 1
37 3
38 2
39 1
40 2
41 2
42 1
43 3
44 3
45 2
46 1
47 1
48 3
49 3
EDGE_WEIGHT_SECTION
[[   0.  899.  708.  677.  539. 1642.   62. 1290.  536.  903. 1007. 1327.
   789.  952.  830. 1400. 1019. 1301.  436.  810. 1122.  970. 1195. 1214.
   981.  654. 1437. 1149.  894. 1003.  974.  971.  581.  940. 1130. 1268.
   947.  590.  851.  995. 1140.  699.  794. 1139.  973. 1835.  590.  820.
  1063. 1092.]
 [ 626.    0.    0.  863.    0. 1433.    0.    0.    0.    0.    0. 1162.
     0.    0.    0.    0.    0.    0.  653.  168.    0.    0.    0.    0.
     0.  167.    0.    0.    0.    0.    0.    0.  552.    0. 1051.  307.
   236.    0.    0.    0.    0.  293.    0. 1018.    0.    0.  359.  682.
     0. 1051.]
 [ 492.    0.    0.  640.  760.    0.  449.    0.  290.  135.  344.    0.
   943.    0.   89.    0. 1123.  538.  612.  949.  812.  546.  863.  477.
     0.  853.    0.  831.  653.    0.  200.  707.    0.    0.  967.    0.
  1076.  533.  198.    0.    0.  914.  419.  726.    0.    0.  837.  771.
     0.    0.]
 [ 463.  863.  640.    0.    0.  710.  453.    0.  358.  719.  730.  468.
     0.    0.  691.    0.  917.    0.  293.    0. 1179.  447. 1229.    0.
     0.    0.    0. 1198. 1022.  692.    0. 1076.  313.    0.  330. 1085.
   865.  823.  790. 1088.    0.  609.  412.  299.    0.    0.  534.  316.
     0.  332.]
 [ 374.    0.  760.    0.    0.    0.  332.    0.    0.    0.  966.    0.
   312.  802.  842.    0.    0. 1169.    0.  283.  928.    0.  979. 1108.
   830.  318.    0.  947.  770.  963.    0.  823.    0.    0.    0.    0.
     0.  514.  856.  840.    0.    0.    0.    0.    0.    0.    0.    0.
     0.    0.]
 [1132. 1433.    0.  710.    0.    0.    0.    0.    0.    0.    0.  330.
     0.    0.    0.    0. 1491.  955.    0.    0.    0.  473.    0.  944.
     0.    0.  145.    0.    0.    0.    0.    0.  954.    0.  577. 1659.
  1437.    0.    0.    0.    0. 1183.  613.    0.    0. 1041.    0.  983.
     0.    0.]
 [  43.    0.  449.  453.  332.    0.    0.    0.  329.    0.  655.    0.
   532.  618.  534.    0.  688.  858.  289.  521.  737.    0.  788.  797.
   637.  438.    0.  756.  578.  653.    0.  632.    0.    0.    0.    0.
   639.  368.  546.  649.    0.  473.    0.  746.    0.    0.  397.    0.
     0.  714.]
 [ 893.    0.    0.    0.    0.    0.    0.    0.    0.    0.    0.  168.
     0.    0.    0.    0.    0.    0.    0.    0.    0.  197.    0.    0.
     0.    0.  206.    0.    0.    0.    0.    0.    0.    0.    0.    0.
     0.    0.    0.    0.    0.    0.  368.  171.    0.    0.    0.    0.
     0.  148.]
 [ 370.    0.  290.  358.    0.    0.  329.    0.    0.  370.  327.    0.
   819.    0.  342.    0.  885.    0.  350.    0.  960.  315. 1011.    0.
     0.  730.    0.  980.  803.  325.    0.  856.  446.    0.  684.    0.
   830.  600.  352.    0.    0.  697.  181.  442.    0.    0.  624.  525.
     0.    0.]
 [ 627.    0.  135.  719.    0.    0.    0.    0.  370.    0.  428.    0.
     0.    0.  133.    0.    0.  577.    0.    0.    0.  627.    0.  516.
     0.    0.    0.    0.    0.    0.  242.    0.    0.  207. 1047.    0.
     0.    0.  239.    0.    0.    0.  500.  806.    0.    0.    0.    0.
     0.    0.]
 [ 697.    0.  344.  730.  966.    0.  655.    0.  327.  428.    0.    0.
  1150.    0.  398.    0. 1199.  324.    0. 1154.    0.  390.    0.  262.
     0. 1061.    0.    0.    0.   58.  227.    0.    0.  455.  946.    0.
  1145.  800.  182.    0.    0. 1016.  299.  651.    0.  667.  942.    0.
     0.  564.]
 [ 918. 1162.    0.  468.    0.  330.    0.  168.    0.    0.    0.    0.
     0.    0.    0.    0. 1220.    0.    0.    0.    0.    0.    0.    0.
     0.    0.  209.    0.    0.    0.    0.    0.  755.    0.  284. 1388.
  1166.    0.    0.    0.    0.  911.    0.  146.    0.    0.    0.  713.
     0.  144.]
 [ 549.    0.  943.    0.  312.    0.  532.    0.  819.    0. 1150.    0.
     0. 1021. 1027.    0.    0. 1353.  704.   65.    0.    0.    0. 1292.
     0.  150.    0.    0.    0. 1147.    0.    0.    0.    0.    0.    0.
     0.    0. 1040.    0.    0.    0.    0.    0.    0.    0.    0.    0.
     0. 1204.]
 [ 660.    0.    0.    0.  802.    0.  618.    0.    0.    0.    0.    0.
  1021.    0.    0.    0. 1235.  669.  856.  991.  518.    0.  568.  880.
   166.  965.    0.  537.  362.  843.  340.  415.    0.  183.    0.    0.
  1186.  609.  339.  246.    0. 1060.    0.    0.    0.    0.  985.    0.
   283.    0.]
 [ 576.    0.   89.  691.  842.    0.  534.    0.  342.  133.  398.    0.
  1027.    0.    0.    0. 1207.  587.  698. 1031.    0.  599.    0.  525.
     0.  938.    0.    0.    0.    0.  240.    0.    0.   76. 1019.    0.
  1160.  634.  227.    0.    0. 1000.  472.  778.    0.    0.  923.  853.
   170.    0.]
 [ 968.    0.    0.    0.    0.    0.    0.    0.    0.    0.    0.    0.
     0.    0.    0.    0.    0.    0.    0.    0.    0.    0.    0.  138.
     0.    0.    0.    0.    0.    0.    0.    0.    0.    0.    0.    0.
     0.    0.    0.    0.    0.    0.    0.    0.    0.  476.    0.    0.
     0.    0.]
 [ 705.    0. 1123.  917.    0. 1491.  688.    0.  885.    0. 1199. 1220.
     0. 1235. 1207.    0.    0. 1535.  707.    0.    0.    0.    0. 1474.
  1263.  347.    0.    0.    0. 1196.    0.    0.  693.    0. 1110.  345.
    64.    0. 1222. 1272.    0.  367.    0. 1077.    0.    0.  411.  742.
     0. 1110.]
 [ 899.    0.  538.    0. 1169.  955.  858.    0.    0.  577.  324.    0.
  1353.  669.  587.    0. 1535.    0.  977. 1357.    0.  504.    0.  105.
     0. 1263.    0.    0.    0.  270.  345.    0.    0.  601.    0.    0.
  1484. 1018.  368.    0.    0. 1283.    0.    0.    0.  476. 1209.    0.
     0.    0.]
 [ 299.  653.  612.  293.    0.    0.  289.    0.  350.    0.    0.    0.
   704.  856.  698.    0.  707.  977.    0.    0. 1020.  705. 1070.  916.
   921.    0.    0. 1039.  861.    0.  771.  915.  104.    0.    0.  875.
   655.  658.  718.  929.    0.  399.  520.    0.    0.    0.  324.  286.
     0.  638.]
 [ 563.  168.  949.    0.  283.    0.  521.    0.    0.    0. 1154.    0.
    65.  991. 1031.    0.    0. 1357.    0.    0.  962.    0. 1013. 1297.
   965.    0.    0.  981.  758. 1151.    0.  858.    0.    0.    0.  321.
   328.  529. 1044.  975.    0.    0.    0.    0.    0.    0.    0.    0.
     0.    0.]
 [ 779.    0.  812. 1179.  928.    0.  737.    0.  960.    0.    0.    0.
     0.  518.    0.    0.    0.    0. 1020.  962.    0. 1251.  114.    0.
   510. 1091.    0.   75.  305.    0.    0.  191.    0.    0.    0.    0.
     0.  818.    0.  454.  488. 1217. 1125. 1394.    0.    0. 1071.    0.
     0. 1361.]
 [ 672.    0.  546.  447.    0.  473.    0.  197.  315.  627.  390.    0.
     0.    0.  599.    0.    0.  504.  705.    0. 1251.    0. 1302.  550.
     0.    0.    0. 1271. 1094.  360.  524. 1147.    0.    0.    0.    0.
     0.  889.  499.    0.    0.    0.  175.    0.    0.  905.    0.    0.
     0.  136.]
 [ 830.    0.  863. 1229.  979.    0.  788.    0. 1011.    0.    0.    0.
     0.  568.    0.    0.    0.    0. 1070. 1013.  114. 1302.    0.    0.
   535. 1142.    0.   82.  341.    0.    0.  245.    0.    0.    0.    0.
     0.  892.    0.  508.  542. 1268. 1176. 1445.    0.    0. 1122.    0.
     0. 1412.]
 [ 839.    0.  477.    0. 1108.  944.  797.    0.    0.  516.  262.    0.
  1292.  528.  525.  138. 1474.  105.  916. 1297.    0.  550.    0.    0.
     0. 1203.    0.    0.    0.  284.  216.    0.    0.  540.    0.    0.
  1423.  957.  266.    0.    0. 1222.    0.    0.    0.  432. 1148.    0.
     0.    0.]
 [ 679.    0.    0.    0.  830.    0.  637.    0.    0.    0.    0.    0.
     0.  166.    0.    0. 1263.    0.  921.  965.  510.    0.  535.    0.
     0.  993.    0.  503.  343.    0.    0.  379.    0.    0.    0.    0.
  1215.  572.    0.  166.    0. 1118.    0.    0.    0.    0.  973.    0.
     0.    0.]
 [ 455.  167.  853.    0.  318.    0.  438.    0.  730.    0. 1061.    0.
   150.  965.  938.    0.  347. 1263.    0.    0. 1091.    0. 1142. 1203.
   993.    0.    0. 1110.  941. 1058.    0.  986.    0.    0.    0.  427.
   256.  707.  951. 1002.    0.  290.    0.    0.    0.    0.  298.  677.
     0.    0.]
 [ 993.    0.    0.    0.    0.  145.    0.  206.    0.    0.    0.  209.
     0.    0.    0.    0.    0.    0.    0.    0.    0.    0.    0.    0.
     0.    0.    0.    0.    0.    0.    0.    0.    0.    0.  533.    0.
     0.    0.    0.    0.    0.    0.    0.  212.    0. 1026.    0.    0.
     0.  239.]
 [ 798.    0.  831. 1198.  947.    0.  756.    0.  980.    0.    0.    0.
     0.  537.    0.    0.    0.    0. 1039.  981.   75. 1271.   82.    0.
   503. 1110.    0.    0.  309.    0.    0.  211.    0.    0.    0.    0.
     0.  845.    0.  474.  508. 1236. 1144. 1413.    0.    0. 1091.    0.
     0. 1380.]
 [ 620.    0.  653. 1022.  770.    0.  578.    0.  803.    0.    0.    0.
     0.  362.    0.    0.    0.    0.  861.  758.  305. 1094.  341.    0.
   343.  941.    0.  309.    0.    0.    0.  185.    0.    0.    0.    0.
     0.  525.    0.  333.  426. 1058.  967. 1236.    0.    0.  912.    0.
     0. 1203.]
 [ 694.    0.    0.  692.  963.    0.  653.    0.  325.    0.   58.    0.
  1147.  505.    0.    0. 1196.  270.    0. 1151.    0.  360.    0.  284.
     0. 1058.    0.    0.    0.    0.  224.    0.    0.    0.  943.    0.
  1142.  837.    0.    0.    0. 1013.  296.  648.    0.  639.  940.    0.
     0.    0.]
 [ 674.    0.  200.    0.    0.    0.    0.    0.    0.  242.  374.    0.
     0.  340.  240.    0.    0.  345.  771.    0.    0.  524.    0.  371.
     0.    0.    0.    0.    0.  376.    0.    0.    0.  266.    0.    0.
     0.    0.   57.    0.    0. 1085.    0.    0.    0.    0. 1009.  868.
     0.    0.]
 [ 674.    0.  707. 1076.  823.    0.  632.    0.  856.    0.    0.    0.
     0.  415.    0.    0.    0.    0.  915.  858.  191. 1147.  245.    0.
   379.  986.    0.  211.  185.    0.    0.    0.    0.    0.    0.    0.
     0.  668.    0.  344.  378. 1112. 1021. 1290.    0.    0.  966.    0.
     0. 1257.]
 [ 400.  552.    0.  313.    0.  954.    0.    0.  446.    0.    0.  755.
     0.    0.    0.    0.  693.    0.  104.    0.    0.    0.    0.    0.
     0.    0.    0.    0.    0.    0.    0.    0.    0.    0.  638.  778.
   556.    0.    0.    0.    0.  304.  589.  539.    0.    0.  283.  244.
     0.  572.]
 [ 652.    0.    0.    0.    0.    0.    0.    0.    0.  207.  455.    0.
     0.  110.   76.    0.    0.  601.    0.    0.    0.    0.    0.  540.
     0.    0.    0.    0.    0.    0.  266.    0.    0.    0.    0.    0.
     0.    0.  259.    0.    0.    0.    0.    0.    0.    0.    0.    0.
   146.    0.]
 [ 777. 1051.  967.  330.    0.  577.    0.    0.  684. 1047.  946.  284.
     0.    0. 1019.    0. 1110.    0.    0.    0.    0.    0.    0.    0.
     0.    0.  533.    0.    0.  943.    0.    0.  638.    0.    0. 1277.
  1055.    0. 1039.    0.    0.  801.  651.  373.    0.    0.    0.  659.
     0.  450.]
 [ 882.  307.    0. 1085.    0. 1659.    0.    0.    0.    0.    0. 1388.
     0.    0.    0.    0.  345.    0.  875.  321.    0.    0.    0.    0.
     0.  427.    0.    0.    0.    0.    0.    0.  778.    0. 1277.    0.
   373.    0.    0.    0.    0.  565.    0. 1245.    0.    0.  579.  909.
     0. 1278.]
 [ 656.  391. 1076.  865.    0. 1437.  639.    0.  830.    0. 1145. 1166.
     0. 1186. 1160.    0.   64. 1484.  655.  328.    0.    0.    0. 1423.
  1215.  425.    0.    0.    0. 1142.    0.    0.  556.    0. 1055.  373.
     0.    0. 1170. 1224.    0.  294.    0. 1023.   18.    0.  360.  687.
     0. 1055.]
 [ 410.    0.  533.  823.  514.    0.  368.    0.  600.    0.  800.    0.
     0.  609.  634.    0.    0. 1018.  658.  529.  495.  889.  539.  957.
   572.  707.    0.  511.  318.  837.    0.  404.    0.    0.    0.    0.
     0.    0.    0.  583.    0.  848.  763. 1033.    0.    0.  762.    0.
     0. 1000.]
 [ 587.    0.  198.  790.  856.    0.  546.    0.  352.  239.  300.    0.
  1040.  339.  227.    0. 1222.  368.  718. 1044.    0.  499.    0.  444.
     0.  951.    0.    0.    0.    0.   57.    0.    0.  259. 1039.    0.
  1170.    0.    0.    0.    0.  970.  393.  744.    0.    0.  896.    0.
     0.  658.]
 [ 691.    0.    0. 1088.  840.    0.  649.    0.    0.    0.    0.    0.
     0.  246.    0.    0. 1272.    0.  929.  975.  454.    0.  508.    0.
   166. 1002.    0.  474.  333.    0.    0.  344.    0.    0.    0.    0.
  1224.  583.    0.    0.  106. 1128.    0.    0.    0.    0.  980.    0.
     0.    0.]
 [ 792.    0.    0.    0.    0.    0.    0.    0.    0.    0.    0.    0.
     0.    0.    0.    0.    0.    0.    0.    0.  488.    0.  542.    0.
     0.    0.    0.  508.  426.    0.    0.  378.    0.    0.    0.    0.
     0.    0.    0.  106.    0.    0.    0.    0.    0.    0.    0.    0.
     0.    0.]
 [ 483.  293.  914.  609.    0. 1183.  473.    0.  697.    0. 1016.  911.
     0. 1060. 1000.    0.  367. 1283.  399.    0. 1217.    0. 1268. 1222.
  1118.  290.    0. 1236. 1058. 1013. 1085. 1112.  304.    0.  801.  565.
   294.  848.  970. 1128.    0.    0.  885.  769.    0.    0.  153.  436.
     0.  801.]
 [ 549.    0.  419.  412.    0.  613.    0.  368.  181.  500.  299.    0.
     0.    0.  472.    0.    0.    0.  520.    0. 1125.  175. 1176.    0.
     0.    0.    0. 1144.  967.  296.    0. 1021.  589.    0.  651.    0.
     0.  763.  393.    0.    0.  885.    0.  356.    0.    0.  810.  656.
     0.  269.]
 [ 787. 1018.  726.  299.    0.    0.  746.  171.  442.  806.  651.  146.
     0.    0.  778.    0. 1077.    0.    0.    0. 1394.    0. 1445.    0.
     0.    0.  212. 1413. 1236.  648.    0. 1290.  539.    0.  373. 1245.
  1023. 1033.  744.    0.    0.  769.  356.    0.    0.    0.    0.  568.
     0.  100.]
 [ 673.    0.    0.    0.    0.    0.    0.    0.    0.    0.    0.    0.
     0.    0.    0.    0.    0.    0.    0.    0.    0.    0.    0.    0.
     0.    0.    0.    0.    0.    0.    0.    0.    0.    0.    0.    0.
    18.    0.    0.    0.    0.    0.    0.    0.    0.    0.    0.    0.
     0.    0.]
 [1271.    0.    0.    0.    0. 1041.    0.    0.    0.    0.  667.    0.
     0.    0.    0.  476.    0.  476.    0.    0.    0.  905.    0.  432.
     0.    0. 1026.    0.    0.  639.    0.    0.    0.    0.    0.    0.
     0.    0.    0.    0.    0.    0.    0.    0.    0.    0.    0.    0.
     0.    0.]
 [ 407.  359.  837.  534.    0.    0.  397.    0.  624.    0.  942.    0.
     0.  985.  923.    0.  411. 1209.  324.    0. 1071.    0. 1122. 1148.
   973.  298.    0. 1091.  912.  940. 1009.  966.  283.    0.    0.  579.
   360.  762.  896.  980.    0.  153.  810.    0.    0.    0.    0.  418.
     0.    0.]
 [ 564.  682.  771.  316.    0.  983.    0.    0.  525.    0.    0.  713.
     0.    0.  853.    0.  742.    0.  286.    0.    0.    0.    0.    0.
     0.  677.    0.    0.    0.    0.  868.    0.  244.    0.  659.  909.
   687.    0.    0.    0.    0.  436.  656.  568.    0.    0.  418.    0.
     0.  600.]
 [ 738.    0.    0.    0.    0.    0.    0.    0.    0.    0.    0.    0.
     0.  283.  170.    0.    0.    0.    0.    0.    0.    0.    0.    0.
     0.    0.    0.    0.    0.    0.    0.    0.    0.  146.    0.    0.
     0.    0.    0.    0.    0.    0.    0.    0.    0.    0.    0.    0.
     0.    0.]
 [ 755. 1051.    0.  332.    0.    0.  714.  245.    0.    0.  564.  238.
  1204.    0.    0.    0. 1110.    0.  638.    0. 1361.  230. 1412.    0.
     0.    0.  239. 1380. 1203.    0.    0. 1257.  572.    0.  450. 1278.
  1055. 1000.  658.    0.    0.  801.  269.  163.    0.    0.    0.  600.
     0.    0.]]
EOF
