NAME:  m50_ce_h_wep_n20
COMMENT: Generated by Finucane, Fulcher, O'Sullivan, and Seth (2021)TYPE:  GVRP
DIMENSION:  20
CAPACITY:  100
EDGE_TYPE:  DIRECTED
EDGE_WEIGHT_TYPE:  EXPLICIT
EDGE_WEIGHT_FORMAT:  SPARSE_MATRIX
NODE_COORD_TYPE:  TWOD_COORDS
NODE_COORD_SECTION
0 -6.3863 53.4133
1 -6.3814 53.3151
2 -6.3699 53.3177
3 -6.3684 53.2863
4 -6.3549 53.3229
5 -6.3451 53.412
6 -6.321 53.3395
7 -6.3045 53.3932
8 -6.299 53.3363
9 -6.2969 53.3426
10 -6.2934 53.332
11 -6.2779 53.3265
12 -6.2571 53.3365
13 -6.2408 53.2648
14 -6.2407 53.3949
15 -6.2391 53.3387
16 -6.2215 53.3732
17 -6.1822 53.2555
18 -6.1788 53.4137
19 -6.1366 53.4096
DEPOT_SECTION:
0
-1
DEMAND_SECTION
0 1
1 1
2 3
3 3
4 2
5 3
6 2
7 2
8 3
9 3
10 3
11 2
12 2
13 2
14 3
15 1
16 1
17 2
18 2
19 3
EDGE_WEIGHT_SECTION
[[   0. 2791. 3076. 4215. 1601. 2794. 2992. 1261.  962. 3546.  853. 3680.
  3232. 1177. 1764. 4642. 1196. 1038. 1823. 1437.]
 [2416.    0.  733. 1230. 1097.    0. 1254. 1384.    0. 2086.    0.    0.
  2590.    0.  941. 1602. 1717. 1562. 1378. 2182.]
 [2663.  733.    0. 1355. 1404.    0. 1064. 1705.    0. 1895.    0.    0.
  2400.    0. 1446. 1726. 1962. 1801. 1623. 1703.]
 [3647. 1230. 1355.    0.    0.    0. 2370.    0.    0. 3249.    0.    0.
  3752.    0.    0.  987.    0.    0.    0.    0.]
 [1383. 1097. 1404.    0.    0. 1897. 1536.  420. 1629. 2164.    0. 2243.
  2672. 2167.  319.    0.  885.  577.  555.  860.]
 [2417.    0.    0.    0. 1897.    0.    0. 1776. 2638.    0. 2734. 1088.
     0. 2414. 2068.    0. 2534. 2190.    0.    0.]
 [2589. 1254. 1064. 2370. 1536.    0.    0. 1687. 1916. 1049.    0. 3721.
  1521.    0. 1640. 2741. 1889. 1773. 1547. 1675.]
 [1089. 1384. 1705.    0.  420. 1776. 1687.    0. 1333. 2249.    0. 2493.
  2760. 1773.  560.    0.    0.    0.  628.  634.]
 [ 289.    0.    0.    0. 1629. 2638. 1916. 1333.    0.    0.  160. 2315.
  2710.  866. 1766.    0.  948. 1142.    0. 1070.]
 [3068. 2086. 1895. 3249. 2164.    0. 1049. 2249.    0.    0.    0. 4337.
  1292.    0. 2483. 3616. 2368. 2287. 2084. 2190.]
 [ 432.    0.    0.    0.    0. 2734.    0.    0.  160.    0.    0. 2381.
  2844.  767.    0.    0.    0.    0.    0.    0.]
 [3185.    0.    0.    0. 2243.  549. 3721. 2493. 2315. 4337. 2381.    0.
  4847. 2139. 2353.    0.    0.    0. 2710. 2415.]
 [2794. 2590. 2400. 3752. 2672.    0. 1521. 2760. 2710. 1292. 2844. 4847.
     0. 3621. 2988. 4120. 2467. 2813. 2591. 2699.]
 [1747.    0.    0.    0. 2167. 2414.    0. 1773. 1483.    0. 1312. 2139.
  3621.    0. 2291.    0. 2768. 1715. 3056. 2446.]
 [1523.  941. 1446.    0.  319. 2068. 1640.  560. 1766. 2483.    0. 2353.
  2988. 2291.    0.    0. 1247.    0.  909. 1082.]
 [4016. 1602. 1726.  563.    0.    0. 2741.    0.    0. 3616.    0.    0.
  4120.    0.    0.    0.    0.    0.    0.    0.]
 [ 604. 1717. 1962.    0.  885. 2534. 1889.    0.  948. 2368.    0.    0.
  2467. 1619. 1247.    0.    0.  329.  366.  716.]
 [ 897. 1562. 1801.    0.  577. 2190. 1773.    0. 1142. 2287.    0.    0.
  2813. 1715.    0.    0.  563.    0.  553.  405.]
 [ 920. 1378. 1623.    0.  555.    0. 1547.  628.    0. 2084.    0. 2710.
  2591. 1759.  909.    0.  366.  322.    0.  705.]
 [ 703. 1255. 1703.    0.  495.    0. 1675.  193. 1070. 2190.    0. 2415.
  2699. 1406.  605.    0.  416.   49.  410.    0.]]
EOF
