NAME:  m50_co_h_wep_n20
COMMENT: this is testing the generating format
TYPE:  GVRP
DIMENSION:  20
CAPACITY:  100
EDGE_TYPE:  DIRECTED
EDGE_WEIGHT_TYPE:  EXPLICIT
EDGE_WEIGHT_FORMAT:  SPARSE_MATRIX
NODE_COORD_TYPE:  TWOD_COORDS
NODE_COORD_SECTION
0 -6.3909 53.3246
1 -6.3892 53.2952
2 -6.3814 53.3151
3 -6.3661 53.3846
4 -6.3639 53.414
5 -6.3572 53.2772
6 -6.3561 53.3505
7 -6.341 53.3237
8 -6.3191 53.4014
9 -6.3151 53.2652
10 -6.3097 53.3138
11 -6.3078 53.3418
12 -6.3068 53.3435
13 -6.2182 53.3091
14 -6.2147 53.2532
15 -6.214 53.414
16 -6.2039 53.2721
17 -6.1871 53.3974
18 -6.1429 53.2708
19 -6.1284 53.2572
DEPOT_SECTION:
0
-1
DEMAND_SECTION
0 3
1 1
2 3
3 3
4 1
5 3
6 1
7 1
8 2
9 2
10 2
11 1
12 2
13 2
14 3
15 2
16 1
17 1
18 1
19 2
EDGE_WEIGHT_SECTION
[[   0. 2435. 4203. 4162. 5294. 4545. 2972.    0.    0.    0.    0.    0.
  3069. 2375. 4859.    0. 2418. 3009. 2032. 3267.]
 [2122.    0. 2282. 2092.    0. 2813.  939. 1617.  688. 1987. 2363. 1987.
  1284.  153. 2934. 1329. 2250.  806. 2504. 1447.]
 [3658. 2282.    0. 2067.    0.  586.    0. 3499.    0. 2377. 3862.    0.
     0.    0.  983.    0. 3482. 2007. 4238.  977.]
 [3625. 2092. 2067.    0. 3580. 2008. 1787.    0.    0. 1064. 3834.    0.
  2386.    0. 3175.    0. 3636. 1424. 4138. 2411.]
 [4614.    0.    0. 3580.    0. 2052.    0.    0.    0. 4059.    0.    0.
     0.    0.  283.    0.    0.    0.    0.    0.]
 [3955. 2813.  586. 2008. 2052.    0.    0. 3798.    0. 2569. 4288. 3295.
     0.    0. 1563. 3245. 3908. 2156. 4536.    0.]
 [2589.  939.    0. 1787.    0.    0.    0.    0.  842. 1322. 2908. 1217.
   651.  976.    0.  586. 2807.  522. 2873. 1746.]
 [   0. 1617. 3499.    0.    0. 3798.    0.    0.    0. 2796.    0.    0.
  2088. 1615. 4093.    0.    0. 2346. 1035. 2605.]
 [   0.  688.    0.    0.    0.    0.  842.    0.    0. 2087. 2944. 1758.
  1028. 1016.    0. 1216. 2894.    0. 2204.    0.]
 [   0. 1987. 2377. 1064. 4059. 2569. 1322. 2796. 2087.    0. 4020. 1195.
  1721.    0.    0. 1191. 3783. 1427.    0. 2461.]
 [   0. 2363. 3862. 3834.    0. 4288. 2908.    0. 2944. 4020.    0. 4022.
  3604. 2313. 3833. 3666.  720. 2839. 2964. 2845.]
 [   0. 1987.    0.    0.    0. 3295. 1217.    0. 1758.  704. 4022.    0.
     0. 2024. 4065.  719. 3915. 1421.    0.    0.]
 [2673. 1284.    0. 2386.    0.    0.  651. 2088. 1028. 1721. 3604.    0.
     0. 1320.    0.  498. 3500.    0. 3108.    0.]
 [2069.   19.    0.    0.    0.    0.  976. 1615.  577.    0. 2313. 2024.
  1320.    0.    0. 1366. 2218.    0. 2596.    0.]
 [4234. 2934. 1683. 3175.  830. 1563.    0. 4093.    0.    0. 3833. 4065.
     0.    0.    0.    0. 3854. 2838. 5035. 2233.]
 [   0. 1329.    0.    0.    0. 3245.  586.    0. 1216. 1191. 3666.  719.
   885. 1366.    0.    0. 3550. 1066.    0.    0.]
 [2108. 2250. 3482. 3636.    0. 3908. 2807.    0. 2894. 3783. 1233. 3915.
  3500. 2218. 3854. 3550.    0. 2628. 3031. 2467.]
 [2621.  806. 2007. 1424.    0. 2156.  522. 2346.    0. 1427. 2839. 1421.
     0.    0. 2838. 1066. 2628.    0. 3093. 1510.]
 [1771. 2504. 4238. 4138.    0. 4536. 2873. 1035. 2204.    0. 2964.    0.
  3108. 2596. 5035.    0. 3031. 3093.    0. 3335.]
 [2847. 1447.  977. 2411.    0.    0. 1746. 2605.    0. 2461. 2845.    0.
     0.    0. 1302.    0. 2467. 1510. 3335.    0.]]
EOF
