NAME:  m50_co_m_wep_n20
COMMENT: this is testing the generating format
TYPE:  GVRP
DIMENSION:  20
CAPACITY:  100
EDGE_TYPE:  DIRECTED
EDGE_WEIGHT_TYPE:  EXPLICIT
EDGE_WEIGHT_FORMAT:  SPARSE_MATRIX
NODE_COORD_TYPE:  TWOD_COORDS
NODE_COORD_SECTION
0 -6.3909 53.3246
1 -6.3892 53.2952
2 -6.3814 53.3151
3 -6.3661 53.3846
4 -6.3639 53.414
5 -6.3572 53.2772
6 -6.3561 53.3505
7 -6.341 53.3237
8 -6.3191 53.4014
9 -6.3151 53.2652
10 -6.3097 53.3138
11 -6.3078 53.3418
12 -6.3068 53.3435
13 -6.2182 53.3091
14 -6.2147 53.2532
15 -6.214 53.414
16 -6.2039 53.2721
17 -6.1871 53.3974
18 -6.1429 53.2708
19 -6.1284 53.2572
DEPOT_SECTION:
0
-1
DEMAND_SECTION
0 3
1 2
2 3
3 3
4 3
5 3
6 3
7 1
8 2
9 2
10 3
11 3
12 2
13 2
14 3
15 1
16 3
17 2
18 2
19 3
EDGE_WEIGHT_SECTION
[[   0. 2404. 4150. 4109. 5226. 4489. 2935.    0.    0.    0.    0.    0.
  3030. 2344. 4796.    0. 2387. 2970. 2006. 3225.]
 [2095.    0. 2254. 2066.    0. 2776.  927. 1596.  679. 1962. 2332. 1961.
  1268.  152. 2897. 1311. 2221.  795. 2472. 1429.]
 [3612. 2254.    0. 2040.    0.  578.    0. 3455.    0. 2346. 3812.    0.
     0.    0.  969.    0. 3437. 1982. 4185.  964.]
 [3578. 2066. 2040.    0. 3532. 1982. 1764.    0.    0. 1049. 3785.    0.
  2355.    0. 3134.    0. 3590. 1406. 4086. 2379.]
 [4554.    0.    0. 3532.    0. 2025.    0.    0.    0. 4005.    0.    0.
     0.    0.  277.    0.    0.    0.    0.    0.]
 [3906. 2776.  578. 1982. 2025.    0.    0. 3751.    0. 2536. 4233. 3252.
     0.    0. 1544. 3203. 3857. 2128. 4480.    0.]
 [2556.  927.    0. 1764.    0.    0.    0.    0.  831. 1304. 2871. 1201.
   643.  963.    0.  578. 2772.  515. 2837. 1725.]
 [   0. 1596. 3455.    0.    0. 3751.    0.    0.    0. 2761.    0.    0.
  2061. 1594. 4042.    0.    0. 2317. 1022. 2573.]
 [   0.  679.    0.    0.    0.    0.  831.    0.    0. 2061. 2906. 1736.
  1015. 1005.    0. 1200. 2857.    0. 2176.    0.]
 [   0. 1962. 2346. 1049. 4005. 2536. 1304. 2761. 2061.    0. 3969. 1181.
  1699.    0.    0. 1175. 3735. 1408.    0. 2430.]
 [   0. 2332. 3812. 3785.    0. 4233. 2871.    0. 2906. 3969.    0. 3971.
  3558. 2283. 3785. 3619.  709. 2803. 2925. 2808.]
 [   0. 1961.    0.    0.    0. 3252. 1201.    0. 1736.  694. 3971.    0.
     0. 1997. 4012.  710. 3865. 1403.    0.    0.]
 [2639. 1268.    0. 2355.    0.    0.  643. 2061. 1015. 1699. 3558.    0.
     0. 1304.    0.  491. 3456.    0. 3068.    0.]
 [2043.   18.    0.    0.    0.    0.  963. 1594.  569.    0. 2283. 1997.
  1304.    0.    0. 1348. 2190.    0. 2562.    0.]
 [4179. 2897. 1664. 3134.  821. 1544.    0. 4042.    0.    0. 3785. 4012.
     0.    0.    0.    0. 3804. 2801. 4969. 2208.]
 [   0. 1311.    0.    0.    0. 3203.  578.    0. 1200. 1175. 3619.  710.
   876. 1348.    0.    0. 3504. 1052.    0.    0.]
 [2081. 2221. 3437. 3590.    0. 3857. 2772.    0. 2857. 3735. 1219. 3865.
  3456. 2190. 3804. 3504.    0. 2595. 2993. 2435.]
 [2588.  795. 1982. 1406.    0. 2128.  515. 2317.    0. 1408. 2803. 1403.
     0.    0. 2801. 1052. 2595.    0. 3054. 1491.]
 [1748. 2472. 4185. 4086.    0. 4480. 2837. 1022. 2176.    0. 2925.    0.
  3068. 2562. 4969.    0. 2993. 3054.    0. 3294.]
 [2810. 1429.  964. 2379.    0.    0. 1725. 2573.    0. 2430. 2808.    0.
     0.    0. 1284.    0. 2435. 1491. 3294.    0.]]
EOF
