NAME:  DC_ce_l_wdp_n50
COMMENT: Generated by Finucane, Fulcher, O'Sullivan, and Seth (2021)
TYPE:  GVRP
DIMENSION:  50
CAPACITY:  100
EDGE_TYPE:  DIRECTED
EDGE_WEIGHT_TYPE:  EXPLICIT
EDGE_WEIGHT_FORMAT:  SPARSE_MATRIX
NODE_COORD_TYPE:  TWOD_COORDS
NODE_COORD_SECTION
0 -6.3121 53.3301
1 -6.3103 53.3344
2 -6.3048 53.3262
3 -6.3029 53.3396
4 -6.3 53.3348
5 -6.2953 53.3643
6 -6.2917 53.3429
7 -6.2907 53.3595
8 -6.2899 53.3433
9 -6.2895 53.3394
10 -6.289 53.3542
11 -6.289 53.3605
12 -6.2883 53.3287
13 -6.2811 53.3439
14 -6.2803 53.3406
15 -6.2795 53.3387
16 -6.2795 53.3633
17 -6.2758 53.3507
18 -6.2731 53.3568
19 -6.272 53.3359
20 -6.2716 53.3543
21 -6.2715 53.3469
22 -6.27 53.3303
23 -6.27 53.3462
24 -6.2692 53.3645
25 -6.2688 53.3578
26 -6.266 53.3286
27 -6.2654 53.3415
28 -6.2651 53.3257
29 -6.2642 53.3487
30 -6.2568 53.3263
31 -6.2562 53.3617
32 -6.2517 53.355
33 -6.2463 53.3275
34 -6.2421 53.3334
35 -6.242 53.3596
36 -6.2416 53.352
37 -6.2415 53.3411
38 -6.2402 53.3569
39 -6.2364 53.3503
40 -6.235 53.3565
41 -6.233 53.3639
42 -6.2317 53.35
43 -6.2266 53.3443
44 -6.2262 53.3416
45 -6.2256 53.3275
46 -6.2231 53.3269
47 -6.2225 53.3379
48 -6.2132 53.341
49 -6.213 53.3252
DEPOT_SECTION:
0
-1
DEMAND_SECTION
0 0
1 2
2 3
3 1
4 1
5 1
6 2
7 3
8 2
9 2
10 2
11 3
12 2
13 1
14 2
15 1
16 2
17 3
18 2
19 1
20 1
21 2
22 1
23 2
24 2
25 1
26 3
27 1
28 2
29 1
30 2
31 3
32 2
33 1
34 1
35 1
36 2
37 1
38 2
39 3
40 1
41 3
42 1
43 1
44 2
45 3
46 2
47 1
48 1
49 1
EDGE_WEIGHT_SECTION
[[   0. 2489. 2354. 1102.  939. 1577.  982. 1132. 1900. 1095. 1692. 1458.
  1964.  294. 1912. 1878. 1420. 1774. 1749. 1655. 1854.  464. 1409. 1212.
   326. 1232. 1363. 1600.  737.  832.  654. 1761. 2277. 1339. 1124.  676.
  1074. 1294. 1633. 1988. 2007. 1062. 1921.  764. 1890. 1070.  558. 1319.
  1271. 1514.]
 [1875.    0.  315.    0.    0. 1048.    0.    0.    0.    0.    0.    0.
   462.    0.    0.    0.  823.    0.    0.    0.    0.    0. 1154.    0.
     0.    0.    0.    0.    0.    0.    0.    0.    0.    0.    0.    0.
     0.    0.    0.    0.  406.    0.    0.    0.    0.    0.    0.    0.
     0. 1280.]
 [1776.  315.    0.    0.    0. 1050.    0.    0.    0.    0.    0.    0.
   454.    0.    0.    0.  825.    0.    0.    0.    0.    0.    0.    0.
     0.    0.    0.    0.    0.    0.    0.    0.   86.    0.    0.    0.
     0.    0.    0.    0.  405.    0.    0.    0.    0.    0.    0.    0.
     0.    0.]
 [ 833.    0.    0.    0.    0.    0.    0.    0.    0.    0.  666.  268.
     0.    0.    0.  743.    0.    0.    0.  410.    0.    0.    0.    0.
     0.    0.    0.    0.    0.    0.    0.  507.    0.    0.    0.    0.
     0.    0.    0.    0.    0.   26.  628.    0.    0.    0.    0.    0.
     0.    0.]
 [ 710.    0.    0.    0.    0. 1024.  736.  146.  786.  221.  569.    0.
  1072.  579.  941.  710.    0.  643.  627.  498.  897.  636.  896.  383.
   432.  202.  770.    0.  806.  298.  549.  723. 1153.  321.  133.  523.
   278.  325.  729.  817.    0.  139.  797.  428.  733.  597.  310.  731.
   803.  988.]
 [1190. 1048. 1050.    0. 1024.    0.  585. 1048.    0.  914. 1417.    0.
   608. 1033.  949.    0.  386.    0.    0.    0.  908.  968.  205.  756.
  1148.    0.    0.    0.  844.  931.  807.    0. 1021. 1071. 1087.  932.
   834.  834.  661.    0.  728.    0.    0.  821. 1350.  539. 1163.  454.
   291.  324.]
 [ 743.    0.    0.    0.  736.  585.    0.  838.    0.  644. 1191.    0.
   915.  578.  897.    0.    0.    0.    0.    0.  856.  423.  518.  564.
   644.    0.  466. 1074.  260.  559.  282.    0.    0.  845.  833.  495.
   516.  667.  695.    0.    0.    0.    0.  407.    0.  326.  659.  390.
   315.  533.]
 [ 854.    0.    0.    0.  249. 1048.  838.    0.  631.  281.  382.  479.
     0.    0.  940.  554.    0.  444.  431.  456.  895.    0.  921.  397.
     0.  196.  804.  327.  902.  402.  652.  562.  943.  139.   97.  620.
   405.  234.  674.  662.  932.    0.  641.  530.  609.  681.    0.  762.
   886. 1025.]
 [1433.    0.    0.    0.  786.    0.    0.  631.    0.  762.  741. 1095.
     0.    0.  434.  990.    0.  480.  464.  922.  392.    0.    0.  741.
  1271.    0.    0.  560. 1176.  866.  946. 1059.  384.  696.  744. 1066.
   766.  506.  294.  231.  364.    0. 1140.  955.  495.    0. 1133.    0.
     0.    0.]
 [ 828.    0.    0.    0.  221.  914.  644.  281.  762.    0.  675.    0.
   965.  698.  850.    0.    0.  629.  612.    0.  805.  683.  786.  274.
   535.    0.  662.  511.  740.  255.  481.    0. 1044.  300.  338.  480.
   185.  254.  678.    0.    0.    0.    0.  381.  719.  571.  476.  622.
   715.  892.]
 [1279.    0.    0.  666.  569. 1417. 1191.  382.  741.  675.    0.  488.
     0.    0. 1088.  325.    0.  431.  418.  320. 1043.    0. 1289.  787.
     0.  446. 1231.  371. 1328.    0. 1043.  486. 1055.  449.    0. 1039.
   756.  604. 1004.  739. 1041.    0.  560.  945.  547. 1110.    0. 1187.
  1255. 1395.]
 [1102.    0.    0.  268.    0.    0.    0.  479. 1095.    0.  488.    0.
     0.    0.    0.  485.    0.  781.  765.  212.    0.    0.    0.    0.
     0.  339.    0.  665.    0.    0.    0.  393. 1413.    0.  523.    0.
     0.    0.    0. 1094. 1395.    0.  514.    0.  895.    0.    0.    0.
     0.    0.]
 [1476.  462.  454.    0. 1072.  608.  915.    0.    0.  965.    0.    0.
     0. 1323.    0.    0.  385.    0.    0.    0.  231. 1247.  713.  843.
  1430.    0.    0.    0. 1106. 1070. 1037.    0.  444.    0.    0. 1155.
   971.    0.    0.    0.  135.    0.    0. 1048.    0.  795. 1329.  539.
   789.  839.]
 [ 223.    0.    0.    0.  579. 1033.  578.    0.    0.  698.    0.    0.
  1323.    0. 1285.    0.    0. 1209. 1190.    0. 1241.  189.  906.  783.
   162.    0.  871. 1078.  400.  499.  338. 1172.    0.  881.    0.  353.
   633.  848. 1075. 1371.    0.  672. 1293.  419. 1297.  650.  279.  838.
   802.  985.]
 [1441.    0.    0.    0.  941.  949.  897.  940.  434.  850. 1088.    0.
     0. 1285.    0. 1337.    0.  828.  812. 1270.  118. 1216.  821.  743.
  1356.    0.  509.  848. 1089. 1028.  943. 1407.    0.  957.  972. 1063.
   924.  718.  325.    0.    0.    0. 1488. 1010.  788.  775. 1219.  507.
   809.  927.]
 [1418.    0.    0.  743.  710.    0.    0.  554.  990.    0.  325.  808.
     0.    0. 1337.    0.    0.  679.  666.  372. 1292.    0.    0.    0.
     0.  608.    0.  629.    0.    0.    0.  369. 1303.  715.    0.    0.
     0.    0. 1245.  988. 1290.    0.  201.    0.  796.    0.    0.    0.
     0.    0.]
 [1068.  823.  825.    0.    0.  386.    0.    0.    0.    0.    0.    0.
   385.    0.    0.    0.    0.    0.    0.    0.    0.    0.  493.    0.
     0.    0.   51.    0.    0.    0.    0.    0.  794.    0.    0.    0.
     0.    0.    0.    0.  507.    0.    0.    0.    0.    0.    0.    0.
     0.  622.]
 [1338.    0.    0.    0.  643.    0.    0.  444.  480.  629.  431.  781.
     0. 1209.  828.  679.    0.    0.   75.  610.  784.    0.    0.    0.
  1128.  624.    0.  228.    0.    0.    0.  747.  801.  413.    0.    0.
     0.  353.  647.  533.  781.    0.  830.    0.  341.    0.  989.    0.
     0.    0.]
 [1319.    0.    0.    0.  627.    0.    0.  431.  464.  612.  418.  765.
     0. 1190.  812.  666.    0.   75.    0.  596.  768.    0.    0.    0.
  1109.  609.    0.  213.    0.    0.    0.  733.  783.  396.    0.    0.
     0.  337.  629.  506.  765.    0.  816.    0.  313.    0.  971.    0.
     0.    0.]
 [1256.    0.    0.  410.  498.    0.    0.  456.  922.    0.  320.  348.
     0.    0. 1270.  372.    0.  610.  596.    0. 1225.    0.    0.    0.
     0.  316.    0.  492.    0.    0.    0.  276. 1238.    0.  500.    0.
     0.    0. 1190.  921. 1223.    0.  353.    0.  726.    0.    0.    0.
     0.    0.]
 [1398.    0.    0.    0.  897.  908.  856.  895.  392.  805. 1043.    0.
   231. 1241.  118. 1292.    0.  784.  768. 1225.    0. 1174.  779.  699.
  1313.    0.  464.  804. 1047.  912.  900. 1362.    0.  913.  928. 1020.
   811.  673.  254.    0.  116.    0. 1443.  969.  745.  734. 1175.  464.
   767.  886.]
 [ 350.    0.    0.    0.  636.  968.  702.    0.    0.  683.    0.    0.
  1247.  189. 1216.    0.    0.    0.    0.    0. 1174.    0.  839.    0.
   291.    0.  798. 1079.  244.  500.  266.    0.    0.  884.    0.  284.
   605.    0. 1012.    0.    0.  732.    0.  352.    0.  582.  344.  770.
   735.  919.]
 [1063. 1154.    0.    0.  896.  205.  518.  921.    0.  786. 1289.    0.
   713.  906.  821.    0.  493.    0.    0.    0.  779.  839.    0.  628.
  1020.    0.  345.    0.  702.  802.  678.    0.    0.  943.  959.  803.
   706.  706.  547.    0.  831.    0.    0.  692. 1221.  403. 1035.  322.
   232.  310.]
 [ 917.    0.    0.    0.  383.  756.  564.  397.  741.  274.  787.    0.
   843.  783.  743.    0.    0.    0.    0.    0.  699.    0.  628.    0.
   697.    0.  540.  611.  685.  287.  418.    0. 1028.  412.  454.    0.
   272.  266.  557.  802.    0.    0.    0.  326.    0.  396.  553.  512.
   616.  734.]
 [ 247.    0.    0.    0.  723. 1148.  644.    0. 1271.  893.    0.    0.
  1430.  162. 1356.    0.    0. 1128. 1109.    0. 1313.  291. 1020.  697.
     0.    0.  981.  997.  511.  605.  448. 1090. 1556.  800.    0.  416.
   803.  766. 1148. 1290.    0.  591. 1211.  483. 1215.  763.  276.  951.
   915. 1100.]
 [ 931.    0.    0.    0.  339.    0.    0.  196.    0.    0.  446.  339.
     0.    0.    0.  608.    0.  624.  609.  316.    0.    0.    0.    0.
     0.    0.    0.  577.    0.    0.    0.  541.    0.    0.  240.    0.
     0.    0.    0.    0.    0.    0.  613.    0.    0.    0.    0.    0.
     0.    0.]
 [1026.    0.    0.    0.  770.    0.  466.  804.    0.  662. 1231.    0.
     0.  871.  509.    0.   51.    0.    0.    0.  464.  798.  345.  540.
   981.    0.    0.    0.  658.  736.  634.    0.    0.  820.  835.  733.
   711.  584.  293.    0.    0.    0.    0.  666.    0.  344.  995.   90.
   334.  437.]
 [1207.    0.    0.    0.    0.    0. 1074.  327.  560.  511.  371.  665.
     0. 1078.  848.  629.    0.  228.  213.  492.  804. 1079.    0.  611.
   997.  577.    0.    0. 1131.  659.  882.  629.  819.  296.    0.  892.
   605.  338.  687.  557.  801.    0.  711.  791.  366.  937.  858.    0.
     0.    0.]
 [ 555.    0.    0.    0.  806.  844.  428.  902. 1176.  740. 1328.    0.
  1106.  400. 1089.    0.    0.    0.    0.    0. 1047.  244.  702.  685.
   511.    0.  658. 1131.    0.  558.  328.    0. 1464.  938.  900.  340.
   638.  789.  885. 1347.    0.    0.    0.  407.    0.  513.  526.  558.
   602.  792.]
 [ 629.    0.    0.    0.  298.  931.  559.  402.  866.  255.    0.    0.
  1070.  499. 1028.    0.    0.    0.    0.    0.  912.  500.  802.  287.
   362.    0.  736.  659.  558.    0.  309.    0. 1148.  444.  395.  239.
   173.  390.  800.    0.    0.  409.    0.  161.    0.  490.  240.  702.
   698.  883.]
 [ 492.    0.    0.    0.  549.  807.  470.  652.  946.  481. 1043.    0.
  1037.  338.  943.    0.    0.    0.    0.    0.  900.  266.  678.  418.
   448.    0.  634.  882.  328.  309.    0.    0. 1234.  659.  646.  253.
   513.  522.  736. 1002.    0.    0.    0.  158.    0.  369.  463.  607.
   574.  759.]
 [1332.    0.    0.  507.  723.    0.    0.  562. 1059.    0.  486.  393.
     0. 1172. 1407.  369.    0.  747.  733.  276. 1362.    0.    0.    0.
  1090.  541.    0.  629.    0.    0.    0.    0. 1375.    0.  725.    0.
     0.    0. 1323. 1058. 1360.    0.  223.    0.  863.    0.  951.    0.
     0.    0.]
 [1718.    0.   52.    0. 1153. 1021.    0.  943.  384. 1044. 1055. 1413.
   444.    0.    0. 1303.  794.  801.  783. 1238.    0.    0.    0. 1028.
  1556.    0.    0.  819. 1464. 1148. 1234. 1375.    0. 1018. 1060. 1354.
  1047.  825.  557.  488.  356.    0. 1454. 1242.  800.    0. 1417.    0.
     0.    0.]
 [1011.    0.    0.    0.  321. 1071.  845.  139.  696.  300.  449.    0.
     0.  881.  957.  715.    0.  413.  396.    0.  913.  884.  943.  412.
   800.    0.  820.  296.  938.  444.  659.    0. 1018.    0.    0.  686.
   396.  242.  788.  703.  992.    0.    0.  590.  567.  701.  660.  780.
   909. 1048.]
 [ 849.    0.    0.    0.  224. 1087.  833.   97.  744.  338.    0.  523.
     0.    0.  972.    0.    0.    0.    0.  500.  928.    0.  959.  454.
     0.  240.  835.    0.  900.  395.  646.  725. 1060.    0.    0.  617.
   387.  337.  759.  775.    0.    0.  802.  525.    0.  697.    0.  862.
   903. 1065.]
 [ 509.    0.    0.    0.  523.  932.  495.  620. 1066.  480. 1039.    0.
  1155.  353. 1063.    0.    0.    0.    0.    0. 1020.  284.  803.    0.
   416.    0.  733.  892.  340.  395.  253.    0. 1354.  686.  617.    0.
   570.    0.  856.    0.    0.    0.    0.  128.    0.  489.  431.  744.
   698.  883.]
 [ 815.    0.    0.    0.  278.  834.  516.  405.  766.  185.  756.    0.
   971.  633.  924.    0.    0.    0.    0.    0.  811.  605.  706.  157.
   479.    0.  711.  605.  638.  173.  310.    0. 1047.  396.  387.  346.
     0.  285.  695.    0.    0.    0.    0.  235.    0.  396.  357.  674.
   602.  786.]
 [ 977.    0.    0.    0.  325.  834.  667.  234.  506.  254.  604.    0.
     0.  848.  718.    0.    0.  353.  337.    0.  673.    0.  706.  266.
   766.    0.  584.  338.  789.  390.  522.    0.  825.  242.  337.    0.
   285.    0.  530.  537.    0.    0.    0.  431.  445.  529.  627.  543.
   694.  812.]
 [1232.    0.    0.    0.  729.  661.  695.  674.  294.  678. 1004.    0.
     0. 1075.  325. 1245.    0.  647.  629. 1190.  254. 1012.  547.  557.
  1148.    0.  293.  687.  885.  800.  736. 1323.  557.  788.  759.  856.
   695.  530.    0.  509.  343.    0. 1395.  787.  657.  574. 1009.  299.
   537.  642.]
 [1498.    0.    0.    0.  817.    0.    0.  662.  231.    0.  739. 1094.
     0. 1371.    0.  988.    0.  533.  506.  921.    0.    0.    0.  802.
  1290.    0.    0.  557. 1347.    0. 1002. 1058.  488.  703.  775.    0.
     0.  537.  509.    0.    0.    0. 1139.    0.  425. 1042. 1153.    0.
     0.    0.]
 [1512.  406.  405.    0.    0.  728.    0.  932.  364.    0. 1041. 1395.
   135.    0.    0. 1290.  507.  781.  765. 1223.  116.    0.  831.    0.
     0.    0.    0.  801.    0.    0.    0. 1360.  356.  992.    0.    0.
     0.    0.  343.    0.    0.    0. 1441.    0.  740.    0.    0.    0.
     0.    0.]
 [ 803.    0.    0.   44.  231.    0.    0.    0.    0.    0.    0.    0.
     0.  672.    0.    0.    0.    0.    0.    0.    0.  732.    0.    0.
   591.    0.    0.    0.    0.  409.    0.    0.    0.    0.    0.    0.
     0.    0.    0.    0.    0.    0.    0.    0.    0.    0.  450.    0.
     0.    0.]
 [1452.    0.    0.  628.  797.    0.    0.  641. 1140.    0.  560.  514.
     0. 1293. 1488.  201.    0.  830.  816.  353. 1443.    0.    0.    0.
  1211.  613.    0.  711.    0.    0.    0.  223. 1454.    0.  802.    0.
     0.    0. 1395. 1139. 1441.    0.    0.    0.  946.    0. 1072.    0.
     0.    0.]
 [ 575.    0.    0.    0.  428.  821.  407.  530.  955.  381.  945.    0.
  1048.  419. 1010.    0.    0.    0.    0.    0.  969.  352.  692.  326.
   483.    0.  666.  791.  407.  266.  158.    0. 1242.  590.  525.  128.
   386.  431.  787.    0.    0.    0.    0.    0.    0.  379.    0.  628.
   587.  772.]
 [1425.    0.    0.    0.  733. 1350.    0.  609.  495.  719.  547.  895.
     0. 1297.  788.  796.    0.  341.  313.  726.  745.    0. 1221.    0.
  1215.    0.    0.  366.    0.    0.    0.  863.  800.  567.    0.    0.
     0.  445.  657.  425.  740.    0.  946.    0.    0.    0. 1077.    0.
  1210. 1328.]
 [ 806.    0.    0.    0.  597.  539.  326.  681.    0.  571. 1110.    0.
   795.  650.  775.    0.    0.    0.    0.    0.  734.  582.  403.  396.
   763.    0.  344.  937.  513.  490.  369.    0.    0.  701.  697.  489.
   396.  529.  574. 1042.    0.    0.    0.  379.    0.    0.  758.  335.
   279.  464.]
 [ 423.    0.    0.    0.  519. 1163.  659.    0. 1133.  476.    0.    0.
  1329.  279. 1219.    0.    0.  989.  971.    0. 1175.  344. 1035.  553.
   166.    0.  995.  858.  526.  401.  463.  951. 1417.  660.    0.  431.
   600.  627. 1009. 1153.    0.  450. 1072.    0. 1077.  758.    0.  966.
   930. 1115.]
 [ 994.    0.    0.    0.  731.  454.  390.  762.    0.  622. 1187.    0.
   539.  838.  507.    0.    0.    0.    0.    0.  464.  770.  322.  512.
   951.    0.   90.    0.  558.  702.  607.    0.    0.  780.  862.  744.
   674.  543.  299.    0.    0.    0.    0.  628.    0.  335.  966.    0.
   312.  417.]
 [ 959.    0.    0.    0.  803.  291.  315.  886.    0.  715. 1255.    0.
   789.  802.  809.    0.    0.    0.    0.    0.  767.  735.  232.  616.
   915.    0.  334.    0.  602.  698.  574.    0.    0.  909.  903.  698.
   602.  694.  537.    0.    0.    0.    0.  587. 1210.  279.  930.  312.
     0.  256.]
 [1142. 1280.    0.    0.  988.  324.  533. 1025.    0.  892. 1395.    0.
   839.  985.  927.    0.  622.    0.    0.    0.  886.  919.  310.  734.
  1100.    0.  437.    0.  792.  883.  759.    0.    0. 1048. 1065.  883.
   786.  812.  642.    0.    0.    0.    0.  772. 1328.  464. 1115.  417.
   256.    0.]]
EOF
