NAME:  DC_ce_l_wdp_n20
COMMENT: this is testing the generating format
TYPE:  GVRP
DIMENSION:  20
CAPACITY:  100
EDGE_TYPE:  DIRECTED
EDGE_WEIGHT_TYPE:  EXPLICIT
EDGE_WEIGHT_FORMAT:  SPARSE_MATRIX
NODE_COORD_TYPE:  TWOD_COORDS
NODE_COORD_SECTION
0 -6.3198 53.3394
1 -6.3153 53.3288
2 -6.3124 53.3251
3 -6.3098 53.3395
4 -6.2907 53.3595
5 -6.2847 53.3636
6 -6.2807 53.3631
7 -6.2746 53.341
8 -6.2676 53.3453
9 -6.266 53.3633
10 -6.2655 53.3536
11 -6.2601 53.3632
12 -6.2592 53.332
13 -6.2543 53.3618
14 -6.241 53.3307
15 -6.2381 53.3262
16 -6.2381 53.3614
17 -6.237 53.3534
18 -6.2269 53.3279
19 -6.2199 53.3345
DEPOT_SECTION:
0
-1
DEMAND_SECTION
0 2
1 1
2 1
3 3
4 3
5 3
6 3
7 2
8 3
9 2
10 2
11 1
12 3
13 3
14 1
15 3
16 2
17 2
18 3
19 1
EDGE_WEIGHT_SECTION
[[   0. 1915. 1550. 1140.  353. 1165. 1842. 1943. 1405.  906. 1881. 2064.
  1688. 1750.  301. 1808. 1470. 1965.  487. 1345.]
 [1493.    0.  548.  645. 1307.  828. 1070.  291.  626.    0. 1435. 1208.
     0.  409. 1552. 1377. 1243.  462.    0. 1067.]
 [1211.  548.    0.  588. 1078.  824. 1301.  876.  533. 1071. 1588. 1436.
   299.    0. 1201. 1528.  594.  999. 1218.  909.]
 [ 888.  645.  588.    0.  704.  224.  768.  730.  303.  432.  945.  904.
   548.  598.  954.  888.  648.  649.  775.  860.]
 [ 277. 1307. 1078.  704.    0.  686. 1214. 1328.  909.  486. 1245.    0.
  1131. 1180.  680. 1189. 1015.    0.  346. 1192.]
 [ 905.  828.  824.  224.  686.    0.  694.  764.  512.  433.  779.  845.
   785.  834. 1033.  724.    0.  685.  759.    0.]
 [1434. 1070. 1301.  768. 1214.  694.    0. 1001.  988.  992.  576.  263.
  1261. 1310. 1562.  534.    0.  919. 1255.    0.]
 [1514.   96.  523.  730. 1328.  764. 1001.    0.  457. 1165. 1395. 1139.
     0.  363. 1572. 1335.  880.  322.    0. 1091.]
 [1095.  371.  321.  303.  909.  512.  988.  457.    0.    0. 1279. 1124.
   330.  378. 1142. 1219.  565.  590.    0.  778.]
 [ 708.    0. 1071.  432.  486.  433.  992. 1165.    0.    0. 1007.    0.
     0.    0.  837.  949. 1012. 1084.  531. 1226.]
 [1463. 1435. 1588.  945. 1245.  779.  576. 1395. 1279. 1007.    0.    0.
  1549. 1598. 1589.  249.    0. 1313. 1286.    0.]
 [1608. 1208. 1436.  904.    0.  845.  160. 1139. 1124.    0.    0.    0.
  1397. 1445.    0.    0.    0. 1056.    0.    0.]
 [1319.    0.  115.  548. 1131.  785. 1261.    0.  330.    0. 1549. 1397.
     0.  173. 1286. 1488.  519.    0.    0.  736.]
 [1367.  242.    0.  598. 1180.  834. 1310.  363.  378.    0. 1598. 1445.
   105.    0. 1335. 1538.    0.  526.    0.    0.]
 [ 236. 1552. 1201.  954.  414. 1033. 1562. 1572. 1142.  837. 1589.    0.
  1286. 1335.    0. 1532.  965.    0.    0.  892.]
 [1406. 1377. 1528.  888. 1189.  724.  534. 1335. 1219.  949.  249.    0.
  1488. 1538. 1532.    0.    0. 1254. 1230.    0.]
 [1148.  739.  359.  648. 1015.    0.    0.  880.  565. 1012.    0.    0.
   519.    0.  965.    0.    0. 1014. 1155.  308.]
 [1532.  270.  592.  649.    0.  685.  919.  192.  590. 1084. 1313. 1056.
     0.  526.    0. 1254. 1014.    0. 1405. 1227.]
 [ 228.    0. 1218.  775.  128.  759. 1255.    0.    0.  531. 1286.    0.
     0.    0.    0. 1230. 1155. 1405.    0. 1332.]
 [1045. 1067.  547.  860. 1192.    0.    0. 1091.  778. 1226.    0.    0.
   736.    0.  892.    0.  308. 1227. 1332.    0.]]
EOF
