NAME:  DC_co_l_wdp_n20
COMMENT: this is testing the generating format
TYPE:  GVRP
DIMENSION:  20
CAPACITY:  100
EDGE_TYPE:  DIRECTED
EDGE_WEIGHT_TYPE:  EXPLICIT
EDGE_WEIGHT_FORMAT:  SPARSE_MATRIX
NODE_COORD_TYPE:  TWOD_COORDS
NODE_COORD_SECTION
0 -6.315 53.33
1 -6.3146 53.3396
2 -6.3125 53.3306
3 -6.2904 53.3637
4 -6.287 53.3637
5 -6.2849 53.3497
6 -6.2785 53.3588
7 -6.2654 53.3415
8 -6.2642 53.3601
9 -6.2615 53.3287
10 -6.2612 53.3648
11 -6.2611 53.3519
12 -6.2607 53.3584
13 -6.2579 53.3634
14 -6.2571 53.3277
15 -6.2498 53.3543
16 -6.2481 53.3461
17 -6.2276 53.3468
18 -6.2243 53.3264
19 -6.2183 53.3638
DEPOT_SECTION:
0
-1
DEMAND_SECTION
0 3
1 3
2 3
3 2
4 1
5 3
6 3
7 2
8 2
9 3
10 1
11 1
12 3
13 3
14 3
15 3
16 1
17 3
18 1
19 2
EDGE_WEIGHT_SECTION
[[   0.  869. 1488. 1996. 1272. 1743. 2001. 1781. 1895.  973. 1908. 1687.
  1592. 1693.  912. 1230. 1804.  962. 1087. 1925.]
 [ 680.    0.  651. 1421.  441.  711.    0.  815. 1577.  962.    0.  968.
     0.  746.  945.  578.    0.  364.  653. 1600.]
 [1172.  651.    0. 1196.  251.  825.    0.  334. 1338.  873.    0.  561.
   241.  234.    0.  290.    0.  615.  484. 1358.]
 [1568. 1421. 1196.    0.    0. 1838. 1116. 1379.  454.  957. 1044.  670.
  1210. 1310.  893. 1011. 1019. 1119.  880.  698.]
 [1002.  441.  251.    0.    0.  692.    0.  441.    0.  858.    0.    0.
     0.  372.  841.  272.    0.  408.  460.    0.]
 [1368.  711.  825. 1838.  692.    0.    0.    0. 1988. 1521.    0. 1276.
   895.  760. 1503.    0.    0.  942. 1116. 2009.]
 [1571.    0.    0. 1116.    0.    0.    0.  603. 1345. 1256.  122.  460.
   430.    0. 1186.  613.  426.    0.  917. 1362.]
 [1404.  815.  201. 1379.  441.    0.  603.    0. 1519.    0.  519.  744.
   250.  173.    0.  423.  493.    0.  725. 1539.]
 [1487. 1577. 1338.  454.    0. 1988. 1345. 1519.    0.  885. 1273.  900.
  1350. 1449.  820. 1281. 1249. 1347.  860.  100.]
 [ 769.  962.  873.  957.  858. 1521. 1256.    0.  885.    0. 1188.  867.
     0.    0.   96.  681. 1116.  680.  386.  911.]
 [1498.    0.    0. 1044.    0.    0.   73.  519. 1273. 1188.    0.  431.
   358.  544. 1118.  540.  317.    0.  848. 1291.]
 [1327.  968.  561.  670.    0. 1276.  460.  744.  900.  867.  431.    0.
   574.  675.  797.  449.  394.  718.  526.  920.]
 [1255.    0.   32. 1210.    0.  895.  430.  250. 1350.    0.  358.  574.
     0.  168.    0.  254.  266.    0.  557. 1371.]
 [1334.  746.  141. 1310.  372.  760.    0.  173. 1449.    0.  544.  675.
   168.    0.    0.  354.    0.    0.  655. 1469.]
 [ 718.  945.    0.  893.  841. 1503. 1186.    0.  820.   96. 1118.  797.
     0.    0.    0.    0. 1118.  662.  317.  845.]
 [ 967.  578.  167. 1011.  163.    0.  613.  423. 1281.  681.  540.  449.
   254.  354.    0.    0.  454.  321.  292. 1307.]
 [1419.    0.    0. 1019.    0.    0.  247.  493. 1249. 1116.  181.  394.
   266.    0. 1118.  454.    0.    0.  748. 1269.]
 [ 758.  364.  366. 1119.  243.  942.    0.    0. 1347.  680.    0.  718.
     0.    0.  662.  321.    0.    0.  329. 1374.]
 [ 854.  653.  484.  880.  460. 1116.  917.  725.  860.  386.  848.  526.
   557.  655.  317.  292.  748.  329.    0.  885.]
 [1510. 1600. 1358.  416.    0. 2009. 1362. 1539.   10.  911. 1291.  920.
  1371. 1469.  845. 1307. 1269. 1374.  885.    0.]]
EOF
