NAME:  DS_ce_l_wdp_n20
COMMENT: Generated by Finucane, Fulcher, O'Sullivan, and Seth (2021)
TYPE:  GVRP
DIMENSION:  20
CAPACITY:  100
EDGE_TYPE:  DIRECTED
EDGE_WEIGHT_TYPE:  EXPLICIT
EDGE_WEIGHT_FORMAT:  SPARSE_MATRIX
NODE_COORD_TYPE:  TWOD_COORDS
NODE_COORD_SECTION
0 -6.371 53.3178
1 -6.3699 53.3204
2 -6.369 53.3188
3 -6.3613 53.3104
4 -6.3559 53.3083
5 -6.3527 53.3235
6 -6.3398 53.2897
7 -6.3324 53.2907
8 -6.3147 53.2906
9 -6.3073 53.273
10 -6.2442 53.3052
11 -6.2435 53.2713
12 -6.2433 53.272
13 -6.2203 53.2743
14 -6.2047 53.2742
15 -6.1937 53.2827
16 -6.1789 53.2529
17 -6.1638 53.2784
18 -6.161 53.2861
19 -6.137 53.237
DEPOT_SECTION:
0
-1
DEMAND_SECTION
0 3
1 1
2 1
3 2
4 1
5 3
6 1
7 2
8 3
9 1
10 1
11 3
12 3
13 3
14 1
15 3
16 3
17 3
18 1
19 2
EDGE_WEIGHT_SECTION
[[   0.  808. 5171.   32. 2739. 1970. 2759.  192. 3926.  428. 3316. 3074.
   283. 2757.  295.  900. 3820.  691. 2332. 3373.]
 [ 677.    0. 2752.    0. 1807.  962. 1630.  517. 2804. 1148. 1511.    0.
     0. 1628.  477.  431. 2645.  140. 1593. 2266.]
 [4379. 2752.    0.    0. 1863.    0.    0. 3079. 1236.    0. 1635. 2207.
     0. 2422.    0.    0. 1429. 2669.    0. 1503.]
 [  80.    0.    0.    0.    0.    0.    0.    0.    0.    0.    0.    0.
   178.    0.    0.    0.    0.    0.    0.    0.]
 [2297. 1807. 1863.    0.    0.    0. 1035. 2137.  743. 3099.  836.  789.
     0. 1054.    0.    0.    0. 1721. 1623.  883.]
 [1670.  962.    0.    0.    0.    0. 1067. 1436.    0. 1640.    0.    0.
     0. 1066. 1341.  932. 2486.  838. 2230.    0.]
 [2338. 1630.    0.    0. 1035. 1067.    0. 2105. 1301. 2076.    0.    0.
     0.   20. 2009. 1280. 1437. 1506. 1248.  935.]
 [ 161.  517. 3079.    0. 2137. 1436. 2105.    0. 3175.  451. 1841.    0.
   171. 2103.   87.  594. 3087.  419.    0. 2707.]
 [3326. 2804. 1236.    0.  743.    0. 1301. 3175.    0. 3082.  569.    0.
  3400.    0. 3080. 2326.  224. 2680. 1526.  421.]
 [ 210. 1148.    0.    0. 3099. 1640. 2076.  451. 3082.    0. 2565. 2360.
   292. 2074.  352. 1069. 2992.  715. 1732. 2613.]
 [2809. 1511. 1635.    0.  836.    0.    0. 1841.  981. 2565.    0.  325.
     0.    0. 1783. 1802. 1182. 1426. 1050.  424.]
 [2604.    0. 2207.    0.  789.    0.    0.    0.    0. 2360.  325.    0.
     0.  346.    0.    0.    0.    0. 1257.    0.]
 [ 239.    0.    0.  178.    0.    0.    0.  171. 3400.  502.    0.    0.
     0.    0.    0.    0. 3310.    0. 2050. 2932.]
 [2337. 1628. 2422.    0. 1054. 1066.   20. 2103.    0. 2074.    0.  346.
     0.    0. 2008. 1278.    0. 1505. 1221.    0.]
 [ 247.  477.    0.    0.    0. 1341. 2009.   87. 3080.  352. 1783.    0.
     0. 2008.    0.  528. 2992.  379. 1919. 2612.]
 [ 754.  431.    0.    0.    0.  541. 1280.  594. 2326. 1069. 1802.    0.
     0. 1278.  528.    0. 2238.  294. 1253. 1859.]
 [3236. 2645. 1429.    0.    0. 2486. 1437. 3087.  224. 2992.  685.    0.
  3310.    0. 2992. 2238.    0. 2519. 1435.  663.]
 [ 580.  140. 2669.    0. 1721.  838. 1506.  419. 2680.  715. 1426.    0.
     0. 1505.  379.  294. 2519.    0. 1462. 2140.]
 [1976. 1593.    0.    0. 1623. 1290.  725.    0. 1526. 1732. 1050.  729.
  2050.  708. 1919. 1253. 1435. 1462.    0. 1062.]
 [2857. 2266. 1503.    0.  883.    0.  935. 2707.  738. 2613.  242.    0.
  2932.    0. 2612. 1859.  663. 2140. 1062.    0.]]
EOF
