NAME:  DS_ce_l_wdp_n20
COMMENT: this is testing the generating format
TYPE:  GVRP
DIMENSION:  20
CAPACITY:  100
EDGE_TYPE:  DIRECTED
EDGE_WEIGHT_TYPE:  EXPLICIT
EDGE_WEIGHT_FORMAT:  SPARSE_MATRIX
NODE_COORD_TYPE:  TWOD_COORDS
NODE_COORD_SECTION
0 -6.371 53.3178
1 -6.3699 53.3204
2 -6.369 53.3188
3 -6.3613 53.3104
4 -6.3559 53.3083
5 -6.3527 53.3235
6 -6.3398 53.2897
7 -6.3324 53.2907
8 -6.3147 53.2906
9 -6.3073 53.273
10 -6.2442 53.3052
11 -6.2435 53.2713
12 -6.2433 53.272
13 -6.2203 53.2743
14 -6.2047 53.2742
15 -6.1937 53.2827
16 -6.1789 53.2529
17 -6.1638 53.2784
18 -6.161 53.2861
19 -6.137 53.237
DEPOT_SECTION:
0
-1
DEMAND_SECTION
0 2
1 2
2 2
3 3
4 2
5 2
6 3
7 2
8 2
9 1
10 1
11 1
12 3
13 1
14 3
15 1
16 3
17 1
18 3
19 3
EDGE_WEIGHT_SECTION
[[   0.    0. 5154.   64.    0. 1964. 2750.    0. 3913.  246. 3305. 3064.
   204. 2748.    0.    0. 3807.    0. 2324. 3362.]
 [   0.    0.    0.    0.    0.  962. 1630.    0. 2804. 1148.    0.    0.
     0. 1628.    0.  372. 2645.  209. 1593. 2266.]
 [4379.    0.    0.    0. 1863.    0.    0.    0. 1236.    0. 1635. 2207.
     0. 2422.    0.    0. 1429.    0.    0. 1503.]
 [  32.    0.    0.    0.    0.    0.    0.    0.    0.    0.    0.    0.
     0.    0.    0.    0.    0.    0.    0.    0.]
 [   0.    0. 1863.    0.    0.    0. 1035.    0.  743. 3099.  836.  678.
     0. 1054.    0.    0.    0.    0. 1623.  883.]
 [1670.  962.    0.    0.    0.    0. 1067. 1436.    0. 1640.    0.    0.
     0.  916. 1341.  629. 2486.  838. 1502.    0.]
 [2338. 1630.    0.    0. 1035. 1067.    0. 2105. 1301. 2076.    0.    0.
     0.    7. 2009. 1280. 1437. 1506.  843.  935.]
 [   0.    0.    0.    0.    0. 1436. 2105.    0. 3175.  451.    0.    0.
     0. 2103.    0.    0. 3087.    0.    0. 2707.]
 [3326. 2804. 1236.    0.  743.    0. 1301. 3175.    0. 3082.  662.    0.
  3400.    0. 3080. 2326.  192. 2680. 1526.  493.]
 [ 361. 1148.    0.    0. 3099. 1640. 2076.  451. 3082.    0. 2565. 2360.
   339. 2074.    0. 1069. 2992.    0. 1732. 2613.]
 [2809.    0. 1635.    0.  836.    0.    0.    0.  662. 2565.    0.  242.
     0.    0.    0. 1802.  685.    0. 1050.  284.]
 [2604.    0. 2207.    0. 1169.    0.    0.    0.    0. 2360.  709.    0.
     0.  346.    0.    0.    0.    0. 1257.    0.]
 [ 530.    0.    0.    0.    0.    0.    0.    0. 3400.  339.    0.    0.
     0.    0.    0.    0. 3310.    0. 2050. 2932.]
 [2337. 1628. 2422.    0. 1054. 1579.   59. 2103.    0. 2074.    0.  346.
     0.    0. 2008. 1278.    0. 1505. 1221.    0.]
 [   0.    0.    0.    0.    0. 1341. 2009.    0. 3080.    0.    0.    0.
     0. 2008.    0.    0. 2992.    0. 1919. 2612.]
 [   0.  636.    0.    0.    0.  629. 1280.    0. 2326. 1069. 1802.    0.
     0. 1278.    0.    0. 2238.  435. 1253. 1859.]
 [3236. 2645. 1429.    0.    0. 2486. 1437. 3087.  331. 2992. 1182.    0.
  3310.    0. 2992. 2238.    0. 2519. 1435.  978.]
 [   0.  120.    0.    0.    0.  838. 1506.    0. 2680.    0.    0.    0.
     0. 1505.    0.  253. 2519.    0. 1462. 2140.]
 [1976. 1593.    0.    0. 1623. 1502.  843.    0. 1526. 1732. 1050.  729.
  2050.  708. 1919. 1253. 1435. 1462.    0. 1062.]
 [2857. 2266. 1503.    0.  883.    0.  935. 2707.  493. 2613.  284.    0.
  2932.    0. 2612. 1859.  571. 2140. 1062.    0.]]
EOF
