NAME:  DS_co_l_wdp_n20
COMMENT: this is testing the generating format
TYPE:  GVRP
DIMENSION:  20
CAPACITY:  100
EDGE_TYPE:  DIRECTED
EDGE_WEIGHT_TYPE:  EXPLICIT
EDGE_WEIGHT_FORMAT:  SPARSE_MATRIX
NODE_COORD_TYPE:  TWOD_COORDS
NODE_COORD_SECTION
0 -6.3682 53.2907
1 -6.3617 53.2862
2 -6.3535 53.3232
3 -6.341 53.3236
4 -6.3311 53.277
5 -6.3275 53.2876
6 -6.2879 53.293
7 -6.2807 53.2947
8 -6.2617 53.2807
9 -6.252 53.3212
10 -6.2416 53.3182
11 -6.2334 53.3027
12 -6.2213 53.2677
13 -6.2202 53.268
14 -6.2181 53.309
15 -6.1823 53.3021
16 -6.1813 53.3018
17 -6.17 53.2963
18 -6.1593 53.2669
19 -6.1239 53.2332
DEPOT_SECTION:
0
-1
DEMAND_SECTION
0 1
1 2
2 1
3 3
4 3
5 2
6 3
7 3
8 3
9 3
10 1
11 3
12 3
13 3
14 1
15 3
16 1
17 2
18 2
19 3
EDGE_WEIGHT_SECTION
[[   0. 2567. 2152. 1505. 1199. 1965. 2351. 2030. 3389. 2170. 1368.  779.
  1214. 1479. 2021. 2753. 2222. 1890.  710. 1844.]
 [2078.    0.    0.    0.    0. 1038.  389.    0.    0. 1481.    0.    0.
     0.    0.    0.    0.    0.    0.    0.    0.]
 [1741.    0.    0. 1677.    0.    0.  676. 2444. 3782.  988.    0.    0.
     0. 2588. 1089.  411. 1665.  792.    0.    0.]
 [1221.    0. 1677.    0. 1259. 2271. 2296.    0. 2321.    0. 1581. 1164.
     0.    0.  842. 1769.   46. 1292.  835.    0.]
 [ 970.    0.    0. 1259.    0. 1065. 1151. 2004.    0.    0. 1315. 1342.
  1646. 1768. 1034.  974.    0.  441.  986.    0.]
 [1592. 1038.    0. 2271. 1065.    0. 1027. 3048.    0.  483. 1413. 2001.
     0.    0.    0. 1667.    0. 1079. 1753.    0.]
 [1903.  131.  676. 2296. 1151. 1027.    0. 3038. 3028. 1105. 1725. 2312.
     0.    0. 1698. 1082. 2285. 1237. 2061.    0.]
 [1640.    0. 2444.    0. 2004. 3048. 3038.    0. 1223.    0.    0. 1239.
     0.  612. 1808.    0.  984.    0. 1415.    0.]
 [2734.    0. 3782. 2321.    0.    0. 3028. 1223.    0.    0.    0.    0.
     0. 1893. 2961. 3840. 2314. 3394.    0.    0.]
 [1758.  859.  988.    0.    0.   58. 1105.    0.    0.    0.    0.    0.
     0.    0.    0.    0.    0.    0.    0.    0.]
 [ 609.    0.    0. 1581.  733. 1413. 1725.    0.    0.    0.    0. 1132.
     0.    0. 1305. 1298.    0.  883.  881.    0.]
 [ 360.    0.    0. 1164. 1342. 2001. 2312. 1239.    0.    0. 1132.    0.
   561.    0. 1280. 1884. 1153.    0.  553.    0.]
 [ 984.    0.    0.    0. 1646.    0.    0.    0.    0.    0.    0.  968.
     0.  206. 2406.    0. 1740.    0. 1298.   48.]
 [1199.    0. 2588.    0. 1768.    0.    0. 1055. 1893.    0.    0.    0.
   206.    0. 2496.    0. 1516.    0.    0.  578.]
 [ 928.    0. 1089.  842.  354.    0. 1698. 1808. 2961.    0. 1305. 1280.
  1406. 1447.    0. 1136.  831.    0.  970.    0.]
 [1253.    0.  240. 1769.  544.  975.  628.    0. 3840.    0. 1298. 1884.
     0.    0. 1136.    0. 1757.  724.    0.    0.]
 [1040.    0. 1665.    6.    0.    0. 2285.  984. 2314.    0.    0. 1153.
   994.  879.  831. 1757.    0. 1281.  823. 1165.]
 [ 851.    0.  792. 1292.   49. 1079. 1237.    0. 3394.    0.  883.    0.
     0.    0.    0.  724. 1281.    0.    0.    0.]
 [ 332.    0.    0.  835.  986. 1753. 2061. 1415.    0.    0.  881.  553.
   759.    0.  970.    0.  823.    0.    0.    0.]
 [ 859.    0.    0.    0.    0.    0.    0.    0.    0.    0.    0.    0.
     5.   65.    0.    0. 1165.    0.    0.    0.]]
EOF
