NAME:  DS_ce_l_wdo_n20
COMMENT: this is testing the generating format
TYPE:  GVRP
DIMENSION:  20
CAPACITY:  100
EDGE_TYPE:  DIRECTED
EDGE_WEIGHT_TYPE:  EXPLICIT
EDGE_WEIGHT_FORMAT:  SPARSE_MATRIX
NODE_COORD_TYPE:  TWOD_COORDS
NODE_COORD_SECTION
0 -6.371 53.3178
1 -6.3699 53.3204
2 -6.369 53.3188
3 -6.3613 53.3104
4 -6.3559 53.3083
5 -6.3527 53.3235
6 -6.3398 53.2897
7 -6.3324 53.2907
8 -6.3147 53.2906
9 -6.3073 53.273
10 -6.2442 53.3052
11 -6.2435 53.2713
12 -6.2433 53.272
13 -6.2203 53.2743
14 -6.2047 53.2742
15 -6.1937 53.2827
16 -6.1789 53.2529
17 -6.1638 53.2784
18 -6.161 53.2861
19 -6.137 53.237
DEPOT_SECTION:
0
-1
DEMAND_SECTION
0 3
1 2
2 1
3 3
4 2
5 1
6 3
7 3
8 3
9 2
10 1
11 1
12 3
13 2
14 2
15 2
16 3
17 3
18 1
19 3
EDGE_WEIGHT_SECTION
[[   0.    0. 4645.   52.    0. 1842. 2569.    0. 3578.  182. 2983. 2757.
   129. 2567.    0.    0. 3487.    0. 1989. 3045.]
 [   0.    0.    0.    0.    0.  937. 1550.    0. 2671. 1148.    0.    0.
     0. 1548.    0.  351. 2421.  209. 1362. 2047.]
 [3935.    0.    0.    0. 1651.    0.    0.    0. 1014.    0. 1472. 1799.
     0. 2014.    0.    0. 1201.    0.    0. 1332.]
 [  23.    0.    0.    0.    0.    0.    0.    0.    0.    0.    0.    0.
     0.    0.    0.    0.    0.    0.    0.    0.]
 [   0.    0. 1651.    0.    0.    0.  851.    0.  659. 2692.  684.  523.
     0.  870.    0.    0.    0.    0. 1424.  787.]
 [1563.  937.    0.    0.    0.    0. 1010. 1397.    0. 1478.    0.    0.
     0.  860. 1315.  574. 2305.  813. 1326.    0.]
 [2180. 1550.    0.    0.  851. 1010.    0. 2009. 1264. 1829.    0.    0.
     0.    4. 1926. 1139. 1396. 1426.  708.  896.]
 [   0.    0.    0.    0.    0. 1397. 2009.    0. 2919.  350.    0.    0.
     0. 2007.    0.    0. 2842.    0.    0. 2466.]
 [3033. 2671. 1014.    0.  659.    0. 1264. 2919.    0. 2856.  662.    0.
  3102.    0. 2835. 2110.  192. 2548. 1489.  493.]
 [ 291. 1148.    0.    0. 2692. 1478. 1829.  350. 2856.    0. 2350. 2158.
   261. 1828.    0. 1029. 2778.    0. 1499. 2402.]
 [2528.    0. 1472.    0.  684.    0.    0.    0.  662. 2350.    0.  242.
     0.    0.    0. 1559.  683.    0. 1032.  284.]
 [2336.    0. 1799.    0.  972.    0.    0.    0.    0. 2158.  709.    0.
     0.  314.    0.    0.    0.    0. 1257.    0.]
 [ 434.    0.    0.    0.    0.    0.    0.    0. 3102.  261.    0.    0.
     0.    0.    0.    0. 3025.    0. 1751. 2649.]
 [2179. 1548. 2014.    0.  870. 1508.   48. 2007.    0. 1828.    0.  314.
     0.    0. 1924. 1138.    0. 1425. 1057.    0.]
 [   0.    0.    0.    0.    0. 1315. 1926.    0. 2835.    0.    0.    0.
     0. 1924.    0.    0. 2758.    0. 1670. 2383.]
 [   0.  610.    0.    0.    0.  574. 1139.    0. 2110. 1029. 1559.    0.
     0. 1138.    0.    0. 2034.  411. 1077. 1662.]
 [2956. 2421. 1201.    0.    0. 2305. 1396. 2842.  331. 2778. 1179.    0.
  3025.    0. 2758. 2034.    0. 2297. 1409.  978.]
 [   0.  120.    0.    0.    0.  813. 1426.    0. 2548.    0.    0.    0.
     0. 1425.    0.  234. 2297.    0. 1239. 1924.]
 [1683. 1362.    0.    0. 1424. 1326.  708.    0. 1489. 1499. 1032.  729.
  1751.  580. 1670. 1077. 1409. 1239.    0. 1062.]
 [2580. 2047. 1332.    0.  787.    0.  896. 2466.  493. 2402.  284.    0.
  2649.    0. 2383. 1662.  571. 1924. 1062.    0.]]
EOF
