NAME:  DS_ce_l_wdo_n20
COMMENT: Generated by Finucane, Fulcher, O'Sullivan, and Seth (2021)
TYPE:  GVRP
DIMENSION:  20
CAPACITY:  100
EDGE_TYPE:  DIRECTED
EDGE_WEIGHT_TYPE:  EXPLICIT
EDGE_WEIGHT_FORMAT:  SPARSE_MATRIX
NODE_COORD_TYPE:  TWOD_COORDS
NODE_COORD_SECTION
0 -6.371 53.3178
1 -6.3699 53.3204
2 -6.369 53.3188
3 -6.3613 53.3104
4 -6.3559 53.3083
5 -6.3527 53.3235
6 -6.3398 53.2897
7 -6.3324 53.2907
8 -6.3147 53.2906
9 -6.3073 53.273
10 -6.2442 53.3052
11 -6.2435 53.2713
12 -6.2433 53.272
13 -6.2203 53.2743
14 -6.2047 53.2742
15 -6.1937 53.2827
16 -6.1789 53.2529
17 -6.1638 53.2784
18 -6.161 53.2861
19 -6.137 53.237
DEPOT_SECTION:
0
-1
DEMAND_SECTION
0 2
1 3
2 1
3 2
4 2
5 3
6 2
7 1
8 1
9 3
10 1
11 3
12 2
13 2
14 2
15 3
16 3
17 3
18 2
19 1
EDGE_WEIGHT_SECTION
[[   0.  808. 4660.   20. 2739. 1848. 2578.  192. 3590.  347. 2993. 2766.
   221. 2576.  295.  900. 3498.  691. 1996. 3055.]
 [ 677.    0. 2752.    0. 1807.  937. 1550.  517. 2671. 1148. 1511.    0.
     0. 1548.  477.  410. 2421.  140. 1362. 2047.]
 [3935. 2752.    0.    0. 1651.    0.    0. 3079. 1014.    0. 1472. 1799.
     0. 2014.    0.    0. 1201. 2669.    0. 1332.]
 [  65.    0.    0.    0.    0.    0.    0.    0.    0.    0.    0.    0.
   178.    0.    0.    0.    0.    0.    0.    0.]
 [2297. 1807. 1651.    0.    0.    0.  851. 2137.  659. 2692.  684.  632.
     0.  870.    0.    0.    0. 1721. 1424.  787.]
 [1563.  937.    0.    0.    0.    0. 1010. 1397.    0. 1478.    0.    0.
     0. 1008. 1315.  863. 2305.  813. 2009.    0.]
 [2180. 1550.    0.    0.  851. 1010.    0. 2009. 1264. 1829.    0.    0.
     0.   16. 1926. 1139. 1396. 1426. 1079.  896.]
 [ 161.  517. 3079.    0. 2137. 1397. 2009.    0. 2919.  350. 1841.    0.
   171. 2007.   87.  594. 2842.  419.    0. 2466.]
 [3033. 2671. 1014.    0.  659.    0. 1264. 2919.    0. 2856.  569.    0.
  3102.    0. 2835. 2110.  224. 2548. 1489.  421.]
 [ 154. 1148.    0.    0. 2692. 1478. 1829.  350. 2856.    0. 2350. 2158.
   214. 1828.  352. 1029. 2778.  715. 1499. 2402.]
 [2528. 1511. 1472.    0.  684.    0.    0. 1841.  981. 2350.    0.  325.
     0.    0. 1783. 1559. 1179. 1426. 1032.  424.]
 [2336.    0. 1799.    0.  632.    0.    0.    0.    0. 2158.  325.    0.
     0.  314.    0.    0.    0.    0. 1257.    0.]
 [ 185.    0.    0.  178.    0.    0.    0.  171. 3102.  404.    0.    0.
     0.    0.    0.    0. 3025.    0. 1751. 2649.]
 [2179. 1548. 2014.    0.  870. 1008.   16. 2007.    0. 1828.    0.  314.
     0.    0. 1924. 1138.    0. 1425. 1057.    0.]
 [ 247.  477.    0.    0.    0. 1315. 1926.   87. 2835.  352. 1783.    0.
     0. 1924.    0.  528. 2758.  379. 1670. 2383.]
 [ 754.  410.    0.    0.    0.  487. 1139.  594. 2110. 1029. 1559.    0.
     0. 1138.  528.    0. 2034.  274. 1077. 1662.]
 [2956. 2421. 1201.    0.    0. 2305. 1396. 2842.  224. 2778.  683.    0.
  3025.    0. 2758. 2034.    0. 2297. 1409.  663.]
 [ 580.  140. 2669.    0. 1721.  813. 1426.  419. 2548.  715. 1426.    0.
     0. 1425.  379.  274. 2297.    0. 1239. 1924.]
 [1683. 1362.    0.    0. 1424. 1117.  591.    0. 1489. 1499. 1032.  729.
  1751.  580. 1670. 1077. 1409. 1239.    0. 1062.]
 [2580. 2047. 1332.    0.  787.    0.  896. 2466.  738. 2402.  242.    0.
  2649.    0. 2383. 1662.  663. 1924. 1062.    0.]]
EOF
